x1,x2,x3,x4,x5,x6,x7,x8,x9,x10,x11,x12,x13,x14,x15,x16,x17,x18,x19,x20,x21,x22,x23,x24,x25,x26,x27,x28,x29,x30,y
-2.142539414725409,-1.3116493397319375,-2.140867677330337,-4.345531440605478,-0.9347719657895467,1.4836223091799374,2.6214475508920683,-1.5253105402017146,-1.031318274674421,-3.952459170036259,0.5023486699447476,-0.9305457729392435,-3.2664701921667216,-0.062296634848369115,1.0646754061615296,0.40917047062875594,1.0896216926928683,1.7889923380895993,1.133975904898408,-0.1683329786087755,-0.8889318204237454,-0.5575306425171793,0.7105460355969924,0.8211986980371704,0.598842146753968,-0.9282310317937056,1.093655344601651,0.7761546225818324,0.4532357758952648,-0.6890965995599169,773.7637571792523
-3.2595578425014624,2.6080948099579317,2.549322298832953,-1.5833955351540738,-3.24967540735656,3.281648139617709,-2.9042126658694043,2.0944091071557738,0.7850027249085239,-0.8547837443083102,0.17180248382304697,0.6398690993177469,-0.405497417903917,-0.35237137865666,-1.2664210351255845,0.39888969646482675,1.4037684029426758,-0.5915542882717267,0.6804119097815459,1.4722560882062634,0.6352726417940217,-0.9187998064538647,1.4503382453236267,-0.6391914879307445,0.9398138404315015,1.247928391220844,0.263802172018304,-1.8580619875819393,-2.192236780523165,-0.44772051369468174,797.5558957578944
-3.56287827752351,0.9658540834934822,1.1615594380841592,-3.94113184916241,-2.162807121594847,3.097366601637683,1.7996648195516451,0.6259448195805414,0.36974700055315135,-3.020822668473633,0.231175211185346,2.0271543456074435,-1.0904060448239372,-0.15181086650391207,-1.5499325803902648,-0.23077415282275993,0.4515272063129578,-0.3992155111138119,0.25516418213819625,2.7985449550075105,-0.5997706842146729,-1.4465896583414057,0.8923296348043821,1.2556805828293305,-1.0487123204893574,-0.7783909278827732,0.7807741967562936,0.3597635732941061,-1.5967583327190025,-0.45145994339102313,799.886152058948
-3.7716877272553067,1.2470207250586876,1.09294791646114,-3.9058516802380603,-0.1660012745873891,1.4292016394386426,1.4548866513407561,-1.4794022058001155,-1.964672638540693,-4.6768106408021115,0.11677584311899047,0.2723825154078998,-1.725065163919394,0.3966383981723296,-1.1457937965021436,0.27968971133382464,-0.5495784337327019,0.1391817934195188,0.5179447863128039,1.6443597469599083,0.8105068861520686,-0.19956099790532567,1.0037520395702628,2.977465467139826,-0.7395552515151291,0.8561623495927881,-0.25783419130472607,0.23021912679451198,-0.8240616977352964,0.8162477990636453,833.961928158553
-1.6737252173322898,-0.8873137634132746,-1.0580315354703975,-3.404257932215913,-1.786435791515904,1.020135343842878,2.1468935655454087,-0.842036388760632,0.02653743235584871,-4.211349790101146,0.08024923055883759,-0.4110867565255294,-4.266038680698524,-0.047184400668516285,0.5589005960679272,0.1624086747001955,1.568063133877304,2.2199024593940053,1.5993737515385065,-0.3611685127433959,0.23250090159456016,0.048866630996369786,0.702840875272535,1.2236249208426402,0.0551173829780679,-1.326563961574129,0.8847837895407104,0.17459881576543834,-0.6366408423406613,-0.5346796467742531,853.762473388461
-3.005977923675185,0.4440748311665934,0.5845819811015692,-4.450927671881718,-0.5978083833530805,2.1164351132525936,0.9727889893516604,0.24553829499980806,-1.5616469285904564,-3.8283319037780665,0.5999771471687132,-1.1878412663903937,-2.014437737167425,0.02923782178771428,-1.6562074379549583,-0.8509982309720182,1.7289532268700092,-0.22806771824907487,0.9644112281219197,1.8442466259770622,0.7612470004697164,-0.15143468520117898,0.4390481276603929,1.5290683966955396,-1.6255620634490668,-0.6291621783593994,-0.8303080518704599,0.12807503079205354,-1.9541711276061846,0.9623075155007925,864.9907548105278
-3.0578935760920896,-0.3960708306548202,0.8576128979847897,-4.569439897119411,0.2585604673263733,2.819659079022599,2.4166274598203787,-3.239501484660657,-1.7229249726885565,-3.5080352269764443,1.3629918968235843,2.4031828532921153,-3.037252068651623,1.3427669042463628,-0.5121087718025102,-0.4586553540035899,-0.2836152529372469,-0.5969925271522141,1.4079749331529812,1.1753564725646362,-0.045538566572350336,0.17049236434292192,-0.060038936881243066,1.7175186379083724,-0.7053036436611078,-0.791714806786884,-0.901869937564273,0.7312010410207049,0.14082216548049287,0.6172627862144014,882.5569580524838
-3.105548493522217,0.6540508883240319,0.6027221307248312,-4.489399897991257,-0.36376693934394644,3.023069127242611,1.2358731064911337,-1.848121183041037,-1.2945738407341274,-3.0506359248345167,-0.5317017377949305,-0.5472652545385871,-2.1902182152973495,-0.2543563484040291,-0.5263950803957873,0.003961903161753322,-0.2511721897499412,1.970591391256036,0.4711002716970334,1.0456489781576546,1.152631354320068,-1.361142942820971,0.13922318502099007,2.655029244060413,-1.251197216003678,-1.418568682388587,-0.8642809153875508,-0.4150389919625828,-1.5406488398634997,-0.01423104233703254,888.6258570353738
-2.957588525806166,-0.7677233180069158,-1.3563678428097907,-4.2897298266509365,-1.1393066084207208,0.9491203955099867,2.5238658266825063,-0.6126071827216091,-0.7961861918496411,-3.8375599839530654,0.5419003773610149,-0.9741579720310847,-4.302093345307974,0.05979359079117298,0.9617173303219366,0.20604731097744253,1.3897635758365448,2.3067718358840152,0.9223513885995054,-1.4942633264493144,-0.03645343021145442,-0.5468565619083208,1.0233478416962565,1.095929974845041,-0.5966919917808208,-1.0073706758693524,0.8008137677102218,-0.0018928133199096475,-0.7661586141276845,-0.05421474727177644,890.0056231841514
-2.588542366631201,1.1909478127499207,0.6186664410898522,-3.5849110436132197,-1.3557082680992627,1.6836966393627502,1.1408046383431594,-0.08244718419800268,-0.7338233805424822,-4.185879788379354,1.6183044035465068,0.6825939247131182,-1.8437635475082903,-0.6547852809048769,-2.134510697841738,-0.6410076902422729,0.03684254821874483,1.9416722387844823,0.7297125931939179,0.26918932243872207,0.7753016224397282,-2.1745699670722387,1.0660091129749236,1.561948814333613,-0.8903883566421121,-2.0860362081983226,-0.029104912933419755,-0.7974513372092148,-1.2315609230991234,-0.20150956100757456,913.8166263991477
-3.431104258681096,0.8302882405616696,1.6118467068059554,-4.978129470286697,-1.9391543175829642,3.2178634371337185,1.2036965391493621,-0.25293250675854817,-0.6389351070468288,-3.7596804770571772,0.6772343776368976,2.332738894284805,-2.3076751978875407,0.8845025959107051,-1.0740915013009489,-0.45800861047371094,0.20569729847240686,0.045779861198290195,0.36196405706036927,1.327303743360065,-0.2232147351116546,-0.976731179009761,0.7741509567688181,1.2938878780333947,-0.9430909710709774,-0.21590784989026757,-0.04844787056949728,0.6989459157067154,-2.6180403638380083,1.1671039289504694,919.1738086415643
-2.910639195577488,4.031995029353336,1.3767467176808053,1.9134132205675312,-3.918266853344114,3.0910707471392533,2.053489598634981,0.6513197977269731,0.3751819113991687,-1.1000854789439354,0.8006323461220747,1.2016442093290136,-0.3406469152183436,0.49791127315320105,-2.6331373248679983,0.4538065787238774,0.5708371664975851,-0.46855923740807176,-1.4923713305941928,3.57378421623325,0.039786082418993264,-0.7565787628907081,0.8456800853372046,-0.06618502384207597,-0.21909600301659504,-0.31768288161102426,-0.04758772405320488,-1.2716751477037875,-2.353424693629939,0.13868998946978817,925.132447237178
-3.0089976668362124,4.40604306433202,0.9787300315647303,2.5495965249733965,-2.686133118394971,-0.15108826023902378,1.2941585941108826,1.3331631626013025,0.3666607763412062,-3.0817996339045735,0.42817979087605323,-0.3359599759591987,0.5954245749413845,0.9394218234391213,-0.7533616049880306,-0.7110590774948811,2.4881755913114563,-0.09239464153232313,-1.1819531044208897,1.9718276905760692,2.720094872862571,-0.7717790401569171,2.017364864241978,-0.19807803325013956,0.4619289572112048,-0.23846116692056724,-2.0709253778295977,0.29828263415601264,-1.0938875923747144,0.9256101665018758,930.2725811341325
-3.582546757128688,0.1728488256402343,0.8433108797400359,-3.14470536532245,-0.041245348457349174,4.317592853286824,-0.3360939618445844,-2.8089417163892962,-0.9650077967545032,-2.7726393837144254,1.1283754752808555,0.8650395424887501,-2.1672481597013946,1.313823460522908,-3.9204303335740316,0.2926447965548344,-0.13425994346147424,0.501677436098467,1.0334310497903147,0.7001843414500104,1.617449624455356,-0.39369598206009604,1.5800029592281293,1.164493566137204,0.3301007366779929,0.3636022651655535,0.8714060699957127,-0.48374356263660034,-1.579094739531097,0.6558324146522061,957.4166768904194
-2.6093870816788307,2.859032296573173,0.04011150473152125,1.48386908676311,-1.627417564464454,-0.8570080834957486,1.4533661506890097,0.9214479584762618,2.233551737891836,-0.9481258812116025,2.5620058041295644,-1.4387466644400506,-1.8728405005334683,0.5223977903677987,-0.7188631564732508,-0.20601881625574492,2.6960696511050064,-0.6634693880115523,-1.7271957820126445,1.527589949918587,-0.6907882701567932,0.16726899375598125,2.7904898890133674,-0.7266384078622701,-0.8826125706996,0.16818306665054417,1.9937803655940676,1.5103793858475671,-1.403132115711088,-0.51450938369077,973.6779219510461
-2.501738411240127,0.8335893097979625,0.43744548486695456,1.7423671854131966,-2.968486381581606,0.696431491649038,0.6619090833488094,1.7617957126767378,0.128624635478241,-0.40729080003066603,-0.4124201214128509,-1.3729267264800873,-1.8016243880482854,1.0176795828906293,-1.796375441841687,-0.3358734962980251,1.119141571574581,0.08375738475062913,-0.6660993678956679,0.6888071713564576,-1.1429293058552,0.3648313520749669,2.871572097642222,0.5843781387388778,1.7786368341161554,-0.9353087240614943,2.12678839980029,1.0212323563410017,-2.2008697757577265,-1.7136355296329695,977.716518020623
-3.457352190880868,1.5566609420360744,2.5195101113261424,-4.00715648582595,-2.8761623418819005,3.714817367425409,-4.5248666791950125,1.2665863308755942,0.7664467780432522,-2.1317379627087387,0.8646013985511731,1.7604070687428979,-0.8408617776784535,0.24537570193918745,-1.659737799619886,0.7955647103075459,0.6281155215643186,-0.8065894831093101,0.1348275085327908,2.832003936135604,-0.5587411366511922,-1.2886357880890618,-0.08410281016437116,0.36004602924074136,-1.4638125549657293,-0.43538158506811964,0.7192340077751653,0.2554343188208025,-2.168960160440787,-0.3841768904088794,978.68859162306
-3.8964302981033927,1.801234586261623,4.687816785126022,-2.2242358166789575,-2.3429867727687417,4.536250797361609,-4.493469876993529,1.0611468174919272,1.375952936609412,-0.7832228304426025,2.299617857555009,1.3152496142205352,-0.7047079246823533,0.469273307370382,-0.45486215346473124,-0.005965816363745269,-0.338185261359547,-1.3473615745968406,0.6310998050605726,2.5531487062659233,-0.6206079220821948,-0.31807463820258625,0.4485956689926429,-1.1996355856213787,-0.7708785197396582,-0.9564520562353123,1.148024203723254,-1.736322147269907,-1.508696782189926,-0.753379111394138,987.1118682543025
-2.537513662573248,-0.19677000270001846,-0.35856406489496095,-2.4426946824143068,-0.6168022813105141,2.819654504960558,-0.7907367761968542,-2.447157841018571,-2.6417162369931715,-3.5857050760074514,-0.2448265611921443,0.6107369435609912,-1.4838999052145778,0.193007874030307,-0.6601328939845782,-0.8689700580408053,-1.3473867382637412,1.908372278140521,0.9313119293464064,0.49394343611519576,0.5884096253912199,0.564115068581116,1.4863791905085897,2.1663804738042036,-1.838571836099303,-2.138801825949472,-1.201816572112886,-0.1226094601092732,-0.5393966974641623,-1.4993453239387122,991.1821213194349
-3.8717715150304004,1.5299523059855338,2.1973556569717356,-2.507070613702081,-3.370725256725528,3.685497371974448,-4.157389940647928,1.7545127351896816,0.9347222659284999,-2.142395902633627,1.3620832657606505,2.2246517852207317,-1.3593609999109768,0.3915704825778738,-1.7427082328699561,1.483924223474209,0.6602156504357897,-0.9855624232685652,-0.14657784838422405,2.3918033493308917,-0.10292294812479902,-1.858651718608487,-0.2180479004743643,-0.446405798834308,-1.4714549975869482,0.46598808384688045,0.9783171491742171,-0.15966543604012728,-1.846328771965125,-0.3102372567949057,993.6280597493258
-3.5220210156963554,0.02783229875955362,1.481834162816846,1.6342796933023962,-1.096931218949567,3.4603835331504307,1.9429859315737512,-0.1652006281387608,-1.213170362769437,-3.404694164071877,-0.5850155878319039,2.168476417460326,-2.35634444968432,0.7596690266718948,-1.0222129887731255,0.16263361696896927,2.1380105920386794,-0.49702516715673556,-1.7872260371287678,1.3617408553686563,-0.4145471227933024,-1.3993662497384514,2.598466717284288,1.2550236906940193,0.6920589489054745,0.45909642018326213,-0.03859365236022583,0.4806018188783103,-1.3789391484788476,1.6365642511660488,999.0723078436115
-3.88849333129821,2.2109831337416095,3.1748987473733026,-1.6666038212231056,-3.35417000849922,3.53775396330645,-3.663157551828368,1.7269615402321687,0.9073530733673906,-2.017890238091553,1.3582270406100383,2.269550442982382,-1.3109403378730442,-0.1133030551906693,-1.9012712862903984,1.4772947465846387,0.5534559110060241,-1.3400131389563716,-0.12810884060535277,2.812425443305746,0.1494108280415904,-1.4809916701705974,-0.6750709730425686,-0.4625050231212182,-1.4009313959509466,0.513394507999078,0.9808892262881271,-0.2509530040288154,-1.8861085264697843,-0.17574514548423195,1005.4011847137597
-3.382628812289083,1.1131519472621905,0.23916541077609654,1.1419011986514118,-1.6371221163576115,-0.2673333457913882,1.0499904318210869,0.6510092998252706,3.2976277007275225,0.41006566491917584,1.2134513906349946,-3.0918483341560936,-1.5622300916889988,0.6061145073212011,0.0011966289613218883,0.8896436433953464,-0.42046496962726654,-0.15775278706252507,-1.414223147259261,1.3016407912876087,2.7909175721226847,-0.8263802215645755,2.7669705629127574,-0.5560926163524235,-0.5517880119766899,-1.7828325933782179,0.07497078711176997,-1.409069809385053,-1.915326387898253,-0.25659333149984354,1016.0495010766871
-4.512410829796783,1.084176270333891,3.5990768541768188,-1.0835062355570175,-3.286564311665942,4.96377006816723,-2.9275482639885504,2.236139898937076,-0.4206810076815146,-1.7284101955985318,0.7692893130590238,0.6154622066173323,-0.654949088180541,-0.43853430534920557,-1.291781425415152,0.7638498569691992,1.6489176581678295,-0.5940669029901857,0.8531606537290237,1.6178245440030945,0.04016856309366992,-1.1095516247952004,1.2503748272474937,0.26238660567367594,0.9514182381895967,0.27722002004172225,0.2506763203793727,-1.8305007919498357,-2.7529282870485474,-1.2065488029704916,1020.3422031729816
-2.791582431817226,-0.5058618127035539,1.8549280494175018,-3.9553909260141906,-2.5814081103395585,2.9009814393548132,1.6598781405347114,1.3857525714939767,-0.8486073169225878,-2.893774354344123,-0.8754330496408902,1.528651272735611,-1.6814667734983826,-0.7496472394004184,-1.5633300362828686,0.14306260808015525,1.3531656480774585,0.09966720335264168,-0.3873459400360657,3.1752792605318856,0.3566619021615032,-1.2788120373404075,1.3197583662611887,2.691790108145833,-1.4007023979989346,-0.8052297863784057,0.7790739994255057,0.23405987591482946,-1.0205500024218277,0.587351191941492,1020.7669001029506
-1.4511793708156309,2.346954428128596,0.8729703122327355,1.8515794015073623,-1.2676564950185178,-2.576907111018922,3.5623303323871354,0.8035401264716664,-0.20520821921502497,-0.32057506575292943,-0.23516377587471238,-0.2092141602335129,-1.2364551828565598,-0.7468311629861951,-0.7559966630493749,0.21589790455046776,1.8647132956284105,0.22647043242785242,-0.009209514951292418,1.1233657395729062,0.0692984921019193,-1.0854876045383748,3.9617789797778027,-0.4844744233764875,-0.3215208112338054,-1.2675781119032645,-1.8043560636510123,0.8496751024586455,-2.058411920304916,-1.4114854515791513,1023.5930445631869
-2.8869913162394774,-2.6250589307674126,-2.630471565638131,-4.180345063520323,-0.8178395383024789,0.42148284217729626,2.4530387817589867,-1.2170405337728196,-1.1462795857506938,-3.5554606477543533,0.07902128307541423,-1.3546875381907864,-4.180977794629962,0.5467661662456381,1.6820902406339824,0.3019499705919036,1.8093259678559532,3.476388132045609,0.9459750523082936,-1.446075246120305,-0.6384910972136254,-0.3139570016010975,0.4232501200167964,0.8571797383497068,0.4009932117410835,-0.7166140294604344,0.8488298627751085,0.4751755685075679,-0.3256269947703832,0.5958401341288011,1028.1897159365549
-3.1969611755534757,2.381421676024761,-0.19802722325575672,1.5800059994882802,-2.6612393730264827,-1.697207479508026,3.051673118812715,0.14342989828705877,1.5723521991620206,-0.29059448210097283,0.9902820674589199,0.5129561864209545,-0.8011589361007317,-0.22873707127853815,-1.1614449825420607,-0.940470164151352,2.131290584601931,-0.3527540486038796,-1.7107843633531945,0.8970152834137155,0.291260105526134,-1.4309241148593645,2.9342052585528418,-0.16513546223898468,-1.6632331385527857,2.518126685335205,1.6665717293276852,-1.1530752599997398,-0.9021340173333212,1.0788344054878942,1031.6417727649382
-2.736622695153052,1.080699628630102,2.450056875841854,-4.091095592900956,-2.4657932584330804,4.108919225472121,0.9578298800701961,0.9092596020176182,0.7727846139821443,-1.8221947144055322,-0.11969408225107098,0.9297556970415942,-0.5544194857862863,0.7166850429807421,-0.5915679147630749,0.4249360093962432,1.0703439490609379,-1.351473288945877,0.48459568492798444,3.0855128186262504,-0.7607739033107723,-0.7940296809769596,0.5390749975773262,0.3726649060180982,-2.898591378278299,-1.0909023409665186,0.3408772248007994,0.973710109077136,-2.1777985494424854,-1.1469368096251935,1038.893805716441
0.5914867397956018,-0.6388519563262642,1.3995217600374796,-3.647011887718256,0.23808516731343898,1.1146051576108893,0.6039772274803596,-0.9077181774995968,-0.3646374525691065,-4.674687402339218,-2.421613449056803,-1.2753065070503784,-0.8222736357768978,0.04249467728651379,-1.280390119383757,-2.2090840991266814,0.5223595651222526,1.8391145504398836,2.136551548214194,1.973439115155752,1.7474258363568023,-0.06913791073596354,0.5724153276885512,2.7336436820870214,-0.4897877123925831,-0.9573311080703539,-0.011856107149952222,-0.4306805968005708,0.6353327590542482,-0.8485848335529087,1041.9475192392251
-3.151462157062176,-0.3143028529153933,1.967755998560098,-4.584688599583861,-1.6101297827010745,2.1745077693460653,2.186053654150921,0.1286874979086673,0.3720847514152809,-4.608665022600485,-0.3074576175240321,2.596994126081479,-0.8412267755832376,-1.2901764679674517,-1.9565793926052781,0.5865111390629412,0.4623700896827729,0.5969110967583136,-1.0226085116553234,2.1517028349780283,0.22188418653649677,-1.7032364339056338,1.9089670946254713,1.6012870164475697,-0.6342438949645411,-0.029104723852898085,-0.49969696459973867,1.6586750914361796,-1.2669553043871875,-0.03268051509769854,1044.9475419631976
-3.2599882993255216,3.4363676566444643,2.1295266196886136,4.299015935168777,-3.3358246006183334,1.3789357625951784,5.101072681568873,0.007615648571846628,-0.12600568472512852,-2.741111929499307,0.3311955906618076,-0.2958875067108002,1.026829904079885,-0.19699589455046182,-1.188935132932987,0.04362737422788766,2.064264693118734,-0.8702767162600646,-1.0216533670124408,2.859339577128195,1.5904333652460907,-1.0672347765381318,1.0063765780595142,-0.7485840494186473,-0.25855331913563884,-1.3791379607666652,-1.2742566796178103,-0.01299739542270184,-1.596034582361271,0.6382660398284041,1049.3959158146117
-2.7285505679759,1.165964655859236,1.990797239187931,-3.6058222113181633,0.5345967980007797,1.3920579777782622,1.7884874428103303,-2.168621665527299,-1.5191163671918206,-3.833842572890667,1.1415464175001424,0.3431590414415102,-0.00616375850557338,1.1805155075321168,-0.8270916973822585,0.7296939456777489,0.0813619701737015,-0.8275939781757324,2.878118211472831,1.3477654414994389,2.010061705988638,-0.1509638832270538,1.035774581276316,2.555370461797053,0.1708374701109734,-1.1170080615216416,0.27381715163104436,0.09344311033651412,-0.19285359705855298,2.4687977907854908,1061.1898940892481
-1.642515548313685,-1.965517571630878,-2.848656367192122,-5.116036713784519,-0.3494236701983324,1.4814147066820853,2.8647886264214337,-2.1540465741538912,-1.3074181540245864,-4.63835290995349,0.16372495733310177,-1.0974237812343937,-3.9830172737204066,-0.18118089393675862,1.0970539550315812,1.1008408174002842,0.9662025739517566,1.9729867664488452,1.6723098025591594,-0.04366383953064901,-0.9628072979828525,0.329683389640802,0.24493232123554265,0.7097978230736125,0.6383685847325662,-0.34278155566907464,1.0837786993076137,1.2567897612162118,1.0215675082804132,-1.0613043744920392,1064.904780979629
-3.839652738208696,0.7167209940573498,1.0796793048895528,-3.107777588980139,0.004500543512730548,2.6380413410741848,0.614119397310564,-2.0377281330947374,-0.7394762144598804,-4.794516927738539,-1.0589805743303768,-0.3115003489081425,-0.5862485693500453,-1.0460018712516557,0.037979423939405565,0.9437900521610046,0.8201985171652514,1.095177925446059,0.01987936644191174,1.926433811415079,1.0528242843424236,-0.7603060625150113,-0.5598232956833589,2.0764788864596224,-2.2061367224062396,1.1087803729973023,-0.00065808666048911,-0.9266004817590868,-2.096155928064451,1.844824958291321,1079.0153968477189
-2.626537686244524,-0.9229735352569838,-2.2358275862844614,-3.3888868990212,-2.0094148712622744,1.200720241801026,2.0129014498579156,-0.41677977969455426,-0.3378934677459716,-4.183626102243183,-0.17722434363768214,-0.34571429087409666,-5.115117462909568,-0.27704388434442834,1.3070554795394647,0.4024253620014474,0.8753050052685709,3.096365989758468,1.6614414226294538,-0.3484244081525706,0.4499380015977827,-0.19666498049694636,0.47865825478282503,0.9505072481647354,-0.15049002626939156,-1.4455389339967408,0.08579740221739707,0.5782572778449191,-1.4354486833398943,-0.52092230169072,1080.2744541201741
-4.855236229477422,3.413933532660077,1.8496112287608497,2.1976321020592433,-0.22087966316536312,-1.0433976767993514,2.4212026667084507,1.913095827772515,-0.8196852168892934,-1.3598974864499052,-1.0341262129122626,0.1660286050081028,-2.408056738096347,0.07720045098560907,-0.2749290137589838,-1.7423215583226477,1.592808037491092,0.7634109256872841,0.6394017811513544,3.405516015862614,1.8384476458786259,-1.9348766293183512,1.8596220644687789,1.1839845228087043,2.090258812267625,-0.8223601757644543,-0.8179354036859574,0.5339695325700134,-1.2676724698044342,0.4331422444968258,1080.313827266258
-1.7201100206722364,-1.7651483809220372,-1.07176220316466,-4.016533717696368,-1.4844626874122997,0.3593810298921509,1.7518426382231609,-0.8118364119353481,0.1819011770967448,-4.345248092112073,0.20288886623746574,-0.2169324119388344,-4.814479255872342,-0.41050868364347765,2.482030812807949,-0.1750440047031795,1.2256734923507318,2.4763762397763847,1.9289009479155523,-0.9985587663311528,0.6174213596799265,0.2008464839755521,0.6565912006432065,1.4690164382148694,0.05881062099412793,-1.2992110716230258,1.086366326872343,0.18906470150227378,-0.24711168171847242,-0.2659332333739306,1080.3181802483673
-3.94626687616375,5.039234758698054,0.997082691989539,1.0407155251859768,-4.357216293762146,-0.4930462979607529,1.6756950142963993,1.2393762163851332,1.6357526671535294,-1.0607110217268865,0.6887994086760209,0.5048390110270407,-1.271921795573252,1.1662604728242238,-2.7552812685054597,-1.0152876218004765,3.2029022104399587,-0.9902255652535785,1.5692372389154017,0.972872688033979,2.595449574457851,-0.1574115112319069,1.3352637858837788,-0.0759490025389085,2.2914150848296915,0.0028307629384907163,-1.605093594709514,-0.17567865594382392,-0.23071620645057234,0.8189565643008372,1080.326116003147
-3.250387438038695,-0.6984634995614514,-3.1058166818749915,-3.8379164380210296,-1.191362330736031,0.25105306848905007,3.739994216972164,-1.3844259372462946,-0.500311963284664,-2.9342968152928046,-0.24822473781215887,-1.609616692243346,-4.330444838975505,-0.019746039939274262,1.8215531829130434,0.07384657354742735,1.6354519213751413,3.218405963672586,1.3600212934988138,-1.2174033775142883,0.1502833640379384,0.8567426160413222,1.4499654954555388,1.1582233450772805,-0.6509428702882487,-0.5390991817707833,0.9583900796913226,0.0065382970991489375,-0.4972675624483368,-0.3734249307429189,1082.0689794786017
-2.373389844746472,2.424737489245934,2.798868096122971,4.715335023413029,-3.0408441219292737,1.9997963113515786,3.770078366686102,-0.23515361922768996,0.03308967628065573,-2.207449415002126,0.15584769978203786,1.143679854549389,0.36057727464180833,-0.45955715571649564,-2.009419314169063,1.5444967103235157,0.13158960205694226,-1.3201944933600473,-0.24008026590406173,3.2644109478557963,-0.29560273250969377,-4.6980763546145e-06,0.0645329230751186,-1.137528243642283,-0.7964993449063428,-1.2361306266164576,0.35622938155689354,-1.6201370340161474,-2.6286839187743456,-0.3072002301604677,1082.6849563453225
-3.3384182613686972,-0.13149930505758356,0.7334929644368591,-4.2167055538815665,-1.9221206012607994,3.30533011362872,0.8427847641832137,-0.9566252672920298,-0.5566083962772173,-3.718618523121335,0.19499920394156678,3.3372610340415947,-2.8093648075056827,0.6252797890307598,-1.180616726920993,-0.3537090280293374,1.2556126387550623,1.0126982471503632,0.3143591867734462,1.2472031845880667,0.48393459352574575,-0.9163340017638424,1.0550096444471548,1.3772198832753588,-0.9066289217379598,0.8923464456353907,-1.1487876001813353,0.5791742987578054,-2.4773803345594625,1.455700044201435,1086.9510303343816
-3.28934025045429,1.2491158825958353,0.45507723928702837,-3.1184745223951196,0.12203477689827069,2.988104037526529,1.542756899824928,-2.086853362827449,-1.2911851559605279,-3.1551115429192116,-1.0589036816727861,0.21322901039599734,-1.2078791630095091,-2.101775537915273,-0.581902908531971,-0.29763080674874137,-1.5796903754451552,2.034417836812008,0.5959655408921662,0.9872484450662,1.434057679571083,-1.5639553372057713,-1.1633175216248808,2.5334927007413737,-1.4132678067045075,-2.120173616182009,-1.5775762288360595,-0.7083581330404303,-1.2681452158379347,0.20400087956278284,1094.619235901968
-2.2863463031107645,-2.0338283644933592,-1.553577946165253,-3.6658428755150476,-1.70765622090874,1.077946332557096,2.211778097351784,-0.9843516778023401,0.11134141213818549,-4.474114869045058,-0.003642178323384093,-0.8210441488054359,-4.929104646312246,-0.04560718150876453,0.369614942855652,0.17720300553682752,1.647115036013899,2.6652255767191835,1.1720317943538232,-0.9661357309867584,0.24296526100451854,-0.04119017199095093,0.7537596596700886,1.6872789279728624,0.4134334115557733,-1.8472781334851935,0.7209721330971706,0.10697814947490669,-0.5657921878802172,-0.6588717551567026,1095.9293281842258
-0.9839117713436323,-1.4938596690275927,-1.2700154210049486,-4.601176751213373,0.014861788299096845,1.5433171820734937,2.6848360441076555,-1.7693714851299869,-1.7873628458558628,-4.06119561057718,0.35979958703263426,-1.9447169465048635,-3.729824386766206,0.7496693341205346,0.6273152884760447,0.6793332991500531,1.1970530900216736,1.7528754672800073,1.957165551594509,-0.6903895604150483,-0.627409603050226,-0.056368036020510756,-0.2000077071832287,0.3188293052700153,1.091183422764744,-0.6463938247340008,1.6479666253623746,1.814449242422218,1.2175372807184113,-1.2920826528190394,1100.1346444828284
2.447793717511711,1.1597796136503598,0.765767378612005,-2.054232662509845,-0.3194112350756275,2.5421396859280803,0.8589088910569774,-2.716177251575129,-2.5663305850209226,-3.638931709119694,2.310612828324799,-0.40737629960600596,-1.8394998323144893,0.22534655731297576,-0.8658993920913622,0.95012022822644,-0.06749476046832298,3.7084822278720786,0.6246531582254667,0.2909187724660365,0.48373684366861447,-0.6957338929595855,-0.06770827996198912,1.969997250205881,-1.9743758752269962,-1.5127471701768682,-1.286033513148298,0.21386174440476555,-1.3371764045311052,1.0372219629357158,1106.1538831458217
-4.59633667219289,1.2937938917054923,4.603075515270794,-0.7567951643628599,-4.810870908953105,4.558804690711669,-1.6029605501287967,-0.42109942905185527,-0.7131522993591203,0.40877952333747536,0.5152504497439814,3.5966468203094726,1.2937282506271341,0.7885793505154954,0.13430460981477954,2.178120787120278,0.23531573643505826,-0.3498004858076197,-0.19432587770581522,1.1560955786637603,0.10514161197664584,-2.3996689718981403,0.9409768223557233,1.0444124371381733,-1.0691497876819118,-0.3846021823165104,1.235259882390583,-1.7235680536965725,-1.9153500323249957,-0.9718900298213646,1116.7749610539931
-3.1454874600043445,-0.5330340497831477,0.5801704634852272,-4.5053364457347715,-0.560660733110296,3.2418450499086573,2.695548614565136,-0.12293781456805958,-3.054557405065162,-3.1535830213877567,1.2540991882694437,1.5253359891086187,-1.925228683144487,-1.3869934236569872,-0.9025904196002775,-1.22593535815663,1.316928204212816,0.7047967079684567,1.5603526754001487,1.8070715208184431,1.475355501905505,-1.840284459530961,0.43241976380050207,1.3775496330595982,-1.6317301069582295,0.2935307409178295,-0.5782448284848842,0.6964553389242139,-1.968912542061683,1.2773916682331385,1121.145151739908
-2.9772918291835406,1.2539922058201707,1.105269726738847,-4.562967351490358,-1.0140692949264716,2.724166407595393,1.7248504760896441,-0.7188362238091818,-0.8973966985568386,-3.8774788645026197,0.4083859784132503,3.0381063461890134,-2.6649243694210845,-0.43256123187659734,-2.209144917123515,0.3554949851444883,0.9463930378075975,1.1799388508955233,2.909269037407762,0.486663107197699,-0.07147933768855012,0.6372272746448893,0.45506045717400134,1.2476941993437642,-1.3932805021638792,1.5960766694699302,-0.9067189397453573,2.014895717395315,0.09997494307391386,-0.15140180781471568,1122.5630651703832
-3.2594655326581785,4.547056042716374,1.168017444365633,1.8775569661091585,-3.9010654146490995,2.673533013054591,2.543472977841794,0.0723918685213425,0.7685026384066428,-1.2480508360055527,1.5195383333738604,1.2612372108559835,-0.12548353628588416,0.45733011477413044,-3.065793847616151,0.9256841363992185,0.9100498845233458,-0.40689915388923953,-2.392629007603158,3.4856470278316665,-0.5278953408448038,-1.0984865552680616,1.1007230159440504,-0.36867421219796,0.5749641412166383,-0.46810805086335616,-0.017017047344948168,-1.762199478773649,-2.127497810640798,0.1572602557311906,1122.955937874675
-2.688830039535631,4.2585019866037594,-0.6087426541112992,2.3777258609684995,-0.8976782936517265,-1.531875256145273,1.5381627355395646,1.4901762095997428,-1.1081335314518388,-0.7065651126246645,1.1077621819837233,1.6855465585455576,-0.8826205564907499,-0.3635430459550121,-1.28036293063361,0.41412392744123017,3.8100963913087202,-0.6601047377055378,-0.8720747685388998,2.223746374356746,1.2830400932301815,0.05323725736426366,2.4009604468348953,-0.9558604182171471,-0.11868234626685248,2.2369545675001814,1.344625384658384,-1.2945387479315924,-2.047357558742477,-0.18333504930271066,1128.4963998902965
0.13416592815785355,0.4715681523033779,1.289152893904867,-5.112315996367105,-1.582138832685788,0.5120170265804929,1.55184294462686,-2.506360768390799,-0.159688671281092,-3.7273068814621864,0.6596326410131637,-1.1028657516474063,-0.9816547901542415,-1.4150523357968188,-2.641295831120263,-0.555563376521221,-0.36473654421631874,2.699693806932655,0.956193090832296,-0.5548171532721411,0.33363381102063105,-1.1914228732398082,-2.8082463068093464,1.3813599535502694,-0.12272155958376767,1.9464257078189746,-0.6577911286008924,-0.09676926842643996,-1.5627530640751375,-1.0121729257615117,1129.9865349894544
-3.7770780807994297,1.9454993176829805,0.33030577488215856,-2.9752312654767192,-0.9203073555455216,1.7023569580870936,-0.19333857248512554,-2.2974186637494367,-0.5690404033318754,-4.831335613503096,1.8077169888930136,0.5543651905558822,-1.2930218089402201,-0.12708157846109144,-1.552800421978937,0.09307826865139857,-0.6909564576485463,2.475858150003419,0.004752764316469538,2.30708374389821,2.075837966265746,0.15210040642068456,-0.5082846812870769,1.7515421724389746,0.22233360203078156,-1.929766614446419,-0.9713600357064588,-2.40900184316539,0.129515866692914,0.02648648017733335,1137.9288069249512
-1.6737223529467469,3.6929520539944396,2.0177912921488628,1.6952253316088346,-4.084084213564493,2.4146936440316953,2.7691230119325483,0.5982937227330077,0.6542380474551901,0.7710190029637403,0.3825747211371379,-0.9858882867112639,-0.4970841347020193,1.2627392820654528,-0.30777078046362105,0.7756721477673479,-0.004056740656410707,-0.02540704017476736,-0.9323509731744041,-1.7985882008924778,-0.1191422692306161,-0.539340157238152,2.8809773486988695,0.8580002237038852,3.220556210551038,-1.017093766725793,0.12508812087844756,0.687498290650785,-2.8820480757334495,0.7705961894484493,1143.4034390740887
-2.320472909853468,3.884476590175613,2.1944179007250786,4.455736196226757,-2.4785983911806344,0.8876915889920949,4.386124821605322,2.2132483949971347,0.9808211314028717,-2.465982062563907,-0.4786361516960359,0.09800890736508494,-0.5182313761556967,-0.8521612771179703,-2.1606720387594733,0.8350872453805414,-0.30192728388712564,-1.3580287135073712,-0.15697351578495966,3.6452403512786593,-1.0400800584598653,0.2504225827805808,-0.23347903992942842,-1.1331275092595667,-0.2331074506888809,-1.4130542438865634,0.2811699366720817,-0.9307794048150672,-2.6457146665411093,0.1261191519354719,1145.9435969467959
-3.4706072065429727,3.3243147008556924,1.309451314667194,-2.2620029670712274,-2.4087982367277814,0.4545592851954581,0.8061694296560173,0.9476520332388323,3.0010987467694585,-2.430655882385902,0.8612881563749721,2.050658371683052,-0.2545825023143553,-0.7173558998661984,-0.41399436774211695,-1.4356854107866441,1.9467272996145404,-1.165479169297026,-0.013613045801237345,2.6738799732491363,3.219073735152725,-0.4919987356170217,1.0121229833442276,-1.9355967608181501,0.7333770428122515,-0.21857384184772416,0.7228395547621993,-0.6703750602388895,-2.457373391272504,-0.775205731299302,1146.9178851632428
-3.1819643523253736,1.7704820752596835,2.653227126714958,-4.366724364121311,-2.767703735873817,2.7628831961921767,-5.097669163258516,1.213691505909007,0.5533081259274275,-1.4967452050850834,0.5652237324323022,1.7495028404645265,-0.8790403226754282,0.201035872477547,-0.8897098673783919,0.6430879367322649,-0.0734395618345654,0.05067191750069311,1.1282471017957172,3.3371905594201183,-1.0674142813425518,-1.2019959623827332,0.03453934964327743,0.9529219148126733,-1.022845193324225,-0.48503932788554105,0.6053529368037663,1.4952479484455368,-2.737916788287924,-0.8534102884383783,1154.6795013838794
-3.8156130372496166,1.264146854450479,2.052774486445671,-3.1806213941779533,-3.806476483377383,3.292718745701241,-4.9854887893257605,1.9380854525109708,0.981424083691079,-2.4981461150239532,1.7120835775533414,1.9306709680176395,-1.8652318911367478,0.40321636923461435,-1.813720255235919,1.4552313023097636,0.8814934857024606,-0.9958935681044263,-0.1558334298953281,2.463567998910625,-0.8391407689124857,-1.8561660101923347,-0.498246130015491,-0.3790628394590103,-1.6977465494171842,0.4935047173521771,1.1170635047867905,0.3875601946156587,-1.8131114504735724,-0.16519138096223257,1156.2666388812054
-3.1132375418312805,0.5210962977252696,1.4997839870111005,-4.706157777919895,-3.1726800017349785,3.018758958056616,1.9043161754482156,0.32687408915866234,-0.08269810506108172,-4.073829776235282,0.20819965674326307,2.0468452946024027,-1.1559485815647248,-0.63145063088205,-2.860137035414603,0.35749220989012676,0.5891380940690341,-0.4570001637448249,0.07334602840796056,2.7840952215476924,-0.9597940028605215,-1.589319198929953,1.1089767751666542,1.2629981057782182,-1.2351589914320342,-0.5207387509168939,-0.22970772478245563,1.1944286310649534,-2.316740245226522,-0.4825393448286174,1156.7696093558902
-3.2965531941304294,2.159774619168077,0.734143143457909,1.929118468222453,-3.752260594098828,-1.7877099172426125,2.1672972785486517,2.919474315920238,1.8671036407508907,-3.019356786085563,0.3138847352648229,-0.8894192332854136,0.7459601906618026,1.8306017152348306,-0.9408450525160248,0.6225674675169224,1.7138510356494592,-0.06801464734562712,-3.0983821343301927,1.7789475331247386,2.3699173791462758,-0.7008887831075872,1.297814589389307,0.3250337423216406,-0.5422447172921012,-0.5491806571596771,-2.180146822503037,1.5856100983128032,0.717747529394787,-1.0405900326034008,1161.1681492329642
-4.370265054442363,1.248542600614413,4.8811347510652014,-1.2112698659400571,-3.69080517938655,4.39179169064354,-3.3065230577398617,1.9530581307858381,-0.32139082952797016,-0.7655747718382955,1.5566098361175644,1.6213259208622488,-0.6060552699862339,-1.3253494933137024,-1.336513635097837,1.2757243734739114,1.6657789186533225,-2.403634367169615,0.20780073296054066,2.2506848004128046,-0.7320092497950937,-1.484286417536734,0.3554326822188092,-0.9015176026957283,0.6557013584808697,0.06957252266409436,1.018216219068873,-1.1342796942669113,-2.65707433550671,-0.5362489574450743,1161.3253410719262
-1.619085731686212,1.7717697572573168,1.523748593541697,2.6021888343742403,-4.162022717911462,-2.1879421533929655,1.0429663527455437,0.6029122309528547,2.449927794698514,-0.13642216020616327,2.9488893570412253,1.374917898224072,0.2966186306443581,0.6589215161954225,-1.9266710199064208,0.06741766459586272,2.793681877320819,-1.5259094958376607,1.0286144395526207,1.2302396853200155,1.7254114862659353,-1.5058774285163516,3.7111685367408787,-0.31501159766587533,0.3885919040253446,0.34427150603113044,-1.0439833523480813,0.28486713322528145,-1.4740318460564035,0.04296672309131022,1162.4764281161206
-3.045468342848163,4.575752405175633,1.3939500245351661,2.7737344472486454,-3.658465250797303,2.9973462102913695,2.904330665256656,0.5803320277067827,0.39080388739350497,-0.9401015575178477,0.6263808673089828,0.36078954742038827,0.2005574887570083,0.0019057461631810102,-4.1478952106940765,0.4831634191536531,0.4569205868812891,-0.6666555095245241,-1.4967771834089314,3.972641182800566,0.06707851461629177,-0.8102071230519585,0.6890950533850873,-0.06285221595004709,-0.7014755269617502,-0.3264703820618786,-0.1434440984028454,-1.3252070878285425,-2.3470237674773617,-0.12804683756691115,1169.089898076714
-3.3552379258189466,-0.23987637292304775,1.0068068419595266,-5.0951531402482395,0.004871999453922055,2.082848849612099,-1.14092392763455,-1.1670877233775738,-2.7966511482670056,-2.8149963579981905,0.8992623043831648,-1.8699107741736967,-2.231634346927557,-0.718883622901404,-1.1043915004251867,0.35552624605895045,-0.9647953983560417,3.283312723391325,-0.22739667628522753,2.048151393227472,1.454259116433418,0.8338014787666255,0.17515928181739515,0.9467079663997531,-1.7884652940952357,-0.7592361383669913,0.6949737978227963,-1.6432519218515729,-1.9174154524538007,-1.233410397295755,1169.6058916772863
-0.6004010476344614,4.670245550202713,0.6230247552501407,0.34824110940324227,-2.301309850283563,-2.070780570044069,1.8497668430722387,1.4414745991924836,-0.9624067978591522,-1.35503462302967,-2.2204077580293595,0.2438528820517567,-1.0966247166549243,0.033878016215585505,0.36510476052064944,-1.6996019983824875,1.0370075449594707,-1.094015468203175,-2.2029324602334324,3.748160175765663,1.9383476487542821,-0.05903154784679451,0.5066293533464802,1.3515826274687677,-0.07403030999213667,-2.2978833852631095,1.2972485025876244,-0.26974977729749927,-2.2956730885673258,0.5547979639986267,1172.620492274393
-1.5766453203819693,0.7007803187030699,1.0121008168675671,-3.2713112502281545,-0.22125354054844118,3.413590502695781,2.997003896155951,-3.87095573666741,-1.4101828537976326,-4.527416272299996,-0.13010234605413074,-0.774235450748415,-1.6826608777281837,-2.3332204534510663,-0.09211901117496524,-1.5224627773402069,-0.7753641474851498,1.3679784084380449,-0.3125913619898082,1.6131637514739467,1.2943469770272138,0.9749893131697853,-0.695972801133217,2.5066213014921237,-0.686789806437473,-1.7097719797340205,-1.4299257236606595,-0.8191878676053668,0.4641577220516888,-0.5937230842013407,1177.2006406492685
-4.478773513091835,-0.7818952891114931,-0.9776062903465379,-3.5218367910450095,0.9227729383516103,2.28301112030521,1.7717993966854315,-1.908793460860164,-2.8978668649503225,3.186959225508714,-0.5228472506835178,-0.29503343782523117,-2.9787374994519187,0.0931273176840896,0.6290331066760068,0.5102049162123768,0.03204557583199952,3.2936493628222627,1.0844766001092006,1.2885125800078387,0.7755446132720892,-2.0188992481152734,-0.9602414508232592,2.300095762557425,-1.660560034540185,-1.947361548592037,-0.6255747252556401,-0.16856434056074138,-0.8165116880530225,0.6546284255131634,1179.5830494517684
-2.3721919661728528,-1.4481712462663872,-3.226824490055619,-4.313476523818393,0.4106436149578342,1.7640220443733903,2.5914505671609493,-2.3262550168501352,-1.7686601269529119,-3.555872340679968,0.37194512763857546,-1.2515710139683838,-4.382998584079511,0.5334473126170233,1.8075376452130743,0.7381214214931688,2.05326870247985,1.474713857156958,1.5077815464600248,-1.1885939505015783,-0.8301101771031916,-0.25960532421879723,0.0791397006381751,1.659987552122079,0.9785126799384121,-1.5559550641015023,0.6405398532134922,0.8529267733860172,0.6048835380298099,-1.5856418965001724,1180.5266263197695
-3.550577055909656,0.27831188591877587,1.2604499709141033,-4.8613511883685705,-3.6295227551071205,2.6177057957120513,1.340902476739191,0.6620117264772616,-0.35417443425286377,-3.1141653965335583,0.42018851082473974,2.513891198459931,-1.8800471285168106,-0.3744998076319136,-2.0300418969476977,-0.35446768691183356,1.13668585671413,-0.18491260690793399,-0.8575307234643605,3.6474993388658357,-0.5297576845375379,-1.4951658158133179,1.5967709322652293,1.4620411687178734,-2.071529524654412,-0.36626812159690836,0.42468738485296287,0.41779288148389776,-1.5612717278746404,0.2967011003708261,1184.2716585937735
-2.5681919033024885,3.207356276664428,0.9998507139694534,-0.1695480597657759,-1.848731199761226,3.3787499547771804,-3.982651788581409,1.1922076138603712,0.1013153472437322,-1.419185341634575,1.153924861492082,1.1318281260850045,-1.9846504765105455,-0.1625119410446948,-0.2612282163349289,0.1116862060458268,0.6947151768218081,-0.04538007770627095,4.119655307395604,2.0807123224327855,-0.018462498159498165,0.6327803935329406,-1.124779917328194,-1.4048727647342614,1.0707275727773857,2.8611227265682686,1.2505897764366658,-0.7298874341963977,-1.1598582615585886,-0.31079523947229337,1184.4441643613607
-1.3585076998268293,2.5910546414843765,0.2617922871121994,3.185393906166057,-0.282292561859669,-0.5022984919879381,-0.241711651480635,0.6738274837239719,2.032361786458065,-0.957116218101435,2.311553526268899,-1.8302863625085621,-3.063962848710398,1.5923857404137438,-0.528869414863323,-1.722044878218933,3.869206899499916,-1.0318443921658766,-1.1779156107317923,0.01478124262278735,-1.1170645519828586,0.2642953447865783,3.3598354184413513,-0.031272793505256025,-1.007274888945306,0.22795795106797834,1.7121808156119815,0.6291429556809762,-1.1467503184222885,-0.9954999788217149,1188.7662338800767
-3.546932044977388,4.460765401373977,0.13318546200507564,1.8612506694232964,0.04990720583288377,-1.2154207749663333,0.8739326645784473,1.9128304468201827,3.2449124630891104,0.22956932175517375,2.6542237251241274,-0.9913356969568324,1.0582434936094551,0.3087899148783465,-0.10778256530385777,-0.47043768083145854,1.7324582074108688,-1.1821298251670487,-0.7678941106341456,1.8333751165330454,-0.12932029312576346,-0.8336513083767275,2.4646620185772217,0.12068145576181899,0.7984997823745905,1.355616307463717,2.255731649231526,1.1602667775321938,-1.214603683726899,3.1000864643406723,1194.1784056495571
-2.096057080511073,-2.300385914230698,-2.455765627462777,-4.8775577344251255,-0.20656725092432454,1.2345151119288236,3.1064604884965767,-1.6618750736083663,-1.1118862224720454,-3.337933368711824,-0.04997024618184359,-1.4899582919236471,-4.971453406618771,0.3155576995526041,2.1073153257469635,0.5035427287277995,1.101912708070107,2.122792916493115,1.210882788974327,-0.7558558783385891,-0.5279671117822049,-0.38516031387941496,0.5700183296003801,0.4948790269608043,0.7227458712866356,-0.8970819626376839,1.478403000036642,0.7774398144568555,1.8553859575182594,-1.3922401228603376,1201.2163982958675
-0.5973678679891216,0.09225618775333443,1.238916696857678,-3.7476811283625087,0.1571198288485971,1.3496716983716455,0.2610380256677618,-1.5262615603637721,-1.6900654882932606,-3.229793788296738,-0.4385291335634256,-0.29964111362335355,-3.8142520634425465,-0.04409954984611475,-1.5405483768132175,1.3990448478027848,0.7492756817124169,3.456664951871649,1.2410090783765018,-1.2518121965766256,2.1547035158687877,-1.7596038938834093,0.21177652676680658,1.6318315473895548,-2.082481700116371,-0.9081317127961619,0.4932958141766556,-0.655385214790978,-1.2650000688982554,-0.7131011583717262,1206.509375434187
-3.3750513937855002,0.3865097907709101,1.7458968225003428,-3.0408486013700653,0.15782272741072645,2.053516980035835,0.9928591349917131,-4.831019122429948,-2.511302120462381,-3.2023841166328046,1.8481008069379001,1.0342535554315573,-3.825154566324329,-0.02204032562288926,0.5668178329952499,0.09444384247478593,-0.22346474304550346,-0.6266316630605564,-0.13762268677691303,0.03899992136714436,-0.20725949009120093,1.2797290215504813,1.1322870631531514,2.4445725386644286,-1.112391900268737,2.7519015746923143,0.7902542305326522,0.12954720618308913,-0.34697164318713525,1.3914832295740847,1206.6496877412603
-2.668075859711299,2.553766584658185,2.781710138253797,4.194483851066257,-3.064770667422743,2.7602538282423454,1.1644446334864185,1.7117363489496846,2.1080662119381524,-3.9194184861170505,0.1731453344823377,-0.5630097972471142,-1.2212688496411603,-0.5643952121651712,-1.323604345971693,1.93047203928817,1.7475488626927536,-1.0449618017605504,0.8348841831798639,2.664641826066758,-0.16557728894764256,-0.6518174975812069,0.3678083978298736,-2.240658025209069,-0.9639394229688432,-0.13253190757248434,-0.34278700885518876,-1.863010738645468,-2.0848555500920667,1.2961375411601674,1207.7052939169812
-4.2184992005656365,3.6238304682491727,1.748953803892504,1.812617674865365,-4.509470220493216,3.1971069847614304,4.022051070799994,0.9901235068093858,-0.6374939977591392,-1.6902139148741,0.3738490105686483,0.606615617098525,-0.6818646741650581,0.3123724805201875,-2.3311261720398906,0.3849158021910159,0.750163812334019,-1.051055616277171,-2.164064855454671,2.864361102613272,0.7795395491117754,-1.5942095144298367,1.6410366675156194,-0.17272153691967335,0.2565716235911797,0.014049973700543728,0.041660339676321295,-0.21362379100314222,-3.162277061561185,-0.9415627559918426,1213.3618308632444
-1.4188163619859298,-1.262764007333866,-3.7576674773831376,-4.011752382336638,-0.9034227576214335,1.3941955243631905,2.8936256645189817,-1.4657873868062552,-2.0468555931725807,-4.870322741459095,-0.40562500842821736,-0.493686059538726,-3.834372589114742,0.944411528231598,1.1535016677895003,1.2618254605148975,1.6654824384902887,2.757740628289763,1.8347203600894881,-0.9441623333465697,-1.087933332501379,-0.6628271196941918,0.7370771482777201,0.907002924255041,1.0782081260296321,-1.1986670146166636,0.4154421531880068,1.1074463795918177,0.9588549193151632,-0.8298472314272801,1217.5126901412589
-2.2634493808516685,2.073881473044559,2.3516992788359943,0.6860057428116899,-1.7493831760811331,5.117406494806594,-2.863143652978393,1.3862183307196085,-0.6119105779567038,-2.5348861833199337,2.242812351922563,1.8176167541640311,-0.47997844750288476,0.9766268433722728,1.908171797914542,-1.274907222285041,-2.311912324046883,0.27270945920225875,2.2726931779595483,1.9290829260675162,1.2146477952592534,0.8780706066172066,-1.325020165676925,-0.5285050428960365,-0.9496715565184943,-0.4555957155534794,2.8482544867480715,-1.4919629128597292,0.015153336394389205,0.6940940018119557,1220.5238888638683
-2.0752919360598963,-0.8612759838100137,2.2573449599865265,-4.830788055702711,0.35660725635907287,2.9815930785353597,3.1515099555375494,-1.291339193414541,-2.7157991754592246,-3.298736273615156,0.8182048543497517,-0.1853045145293933,-1.952234254408126,-0.904260418204255,-1.4137930862036003,-0.8835052210294609,1.690955736949713,-0.11983019157579597,0.7333184855111418,3.3772878063994365,1.303952368133293,-1.4292387416916175,0.08812216718959087,1.0649874067631635,-1.1381734552221727,1.5071748783393033,-1.900327442456972,0.8400684080223011,-1.6550020747541307,0.4114614666736995,1226.1736472756618
-4.188544096879614,-1.9433102366354182,2.8195803763607583,-2.735301529191734,0.800811786935751,3.2561439487264643,2.369098232286294,-2.8874301797403215,-1.9155912637934942,-3.335401586625201,1.629611735075346,1.804451145323555,-4.698867741493154,-1.388480974323976,-0.5012235824151529,0.5606074682959202,-0.6438389042313865,0.6084930219433559,0.6246061880198613,2.307815395686501,1.465387119151805,0.03688155497217682,-0.08911484498264988,2.5971815663860487,-0.6513887420370718,-1.2560975895630804,-0.1501999300407742,-1.3127580598220354,-0.2701267452959392,0.315182564285216,1227.488759587146
-3.916348687076462,-1.0874921325971716,2.160711808243782,-4.728405428490041,1.64678534817043,1.1825970659351488,2.1090635710801218,-1.689043635992908,-1.3744128909936313,-4.284370301880781,1.0196920316077294,2.1556501239321824,0.16312223379961877,-1.8048129524899674,-2.409486563845155,0.45912643496707645,0.08313816242802258,0.40148630286212966,1.6343594995467425,3.224870148176881,0.8826388635695513,-0.264958197442974,-0.23700790810964723,2.780846544053172,-0.981290421627682,0.9493556626911387,0.16163243060783627,-0.4047860003379136,-1.5302987613102665,1.1498360958781797,1228.1490944768027
-2.5115930103029243,1.8482089479735404,1.8104384000474747,-2.8026075092269185,1.2473891474436123,2.323317435365075,1.1331332239709786,-1.077482358131169,-2.1893139548260043,-2.3350531961879293,-0.4780334288875917,-0.009725526846406929,-3.5500852421006854,0.11031092589860564,-0.6192676866478568,1.6153326560396304,0.07640969899152661,2.3258044975569803,0.5969738863128236,2.625250942858017,-0.4539255366251669,-1.8789388995410992,0.5443905845350328,2.3790108083324544,-0.3821457528491546,-1.635921131217158,-2.7878963299373716,-1.2078219592845003,-0.09256612863358282,0.730615965729896,1231.4427139366637
-3.678693913241343,5.030661549795436,0.8330992463080049,2.4446644197848806,-3.363715860554537,3.562569589205783,2.1953300709929895,1.2798304302258565,-0.3132348945417411,-1.4801260780331993,-0.03372884727323994,1.9097153822440012,-1.153193158604528,1.2799718029533462,-2.5855670163177367,-0.4759256709096542,-0.024094963881490128,0.06183316407964368,-1.0837287978944405,4.161052746055596,-0.09653358819209512,-0.5191923881191571,1.4968039728628872,0.9389352712808523,-1.1367647423785103,-0.7438390599037286,0.8203532482056829,-1.4649273208429314,-2.432061007186509,-0.540865409409718,1233.1475751987687
-3.1997471867633775,3.119453182772629,3.4782790369966414,1.409449571865801,-0.9213662385473502,3.6904389969067735,-3.6678068703559874,0.6958902042731119,2.6468915216020963,-0.5339539542121311,3.0486408235939524,3.545600076996476,0.8058948110904283,2.3984934476557696,-1.6046552734981978,0.46336474514106724,-0.1673130971848784,0.35312324940811624,1.7629883195553946,1.952123061069189,-1.0909918772894722,-1.5967284501680012,0.1626236422352063,-1.1425775737493882,-0.15477058143977818,0.037880290061496125,0.43799669515769724,-2.2572734850496063,-1.7881483861653062,-1.0778964058267486,1235.0664528515367
-2.227052431173217,3.1879508603007425,2.5034456440434782,1.5786506717291073,-1.068107180160415,3.1613155325611118,-3.1207318928423735,1.3422899966581876,2.2329340168441068,-3.5816681936011188,-0.9899864071598307,3.4079002466363635,-2.646215324090835,-0.5944556546286007,-1.9244746661258636,0.3843201498159159,-0.7138990803650691,0.7309906428187211,-0.3827093814082986,1.0228475578427854,-2.535900276155866,0.4668834117042778,-1.4648593844616415,-2.314531110308835,-1.778470160520708,-0.22706131863064805,1.5377810832411307,0.11191848864067633,-1.3443061153515146,0.003120403485811496,1236.2871897429652
-4.625791895081933,1.742775261515611,0.8410559832803106,-3.8372972858601986,0.40159848740350157,2.551140541993119,2.2192518240793206,-2.887919963784088,-0.1926146454522759,-2.7272912259785818,0.14707505329728368,-0.9767468568619505,-1.1432899547892656,-0.19632998967264487,-0.8973119513023167,-0.08984980566254563,0.3443574847514088,2.2604359108309593,0.09847541659114553,0.8299642142721958,0.7876763516300844,-0.5802514374784453,0.9545460002133903,5.113296468547264,-1.4898299098208032,-1.0031557602871364,-0.28955528013463727,0.05552183529061597,-1.0424516120188327,-0.2007721028628821,1239.2561479152102
-2.8577755911299016,2.320328599179229,1.484825214579339,2.040642370467478,-0.7494156539893564,-1.1055846484304883,1.6880682368148654,1.9615764016073665,0.7538493363491886,0.6109334460710449,0.4496742830035829,-1.069104466213873,-2.4481325953057613,1.8420708175158969,-3.0513197556403613,0.4771696730501762,0.5506061182083657,0.9564488889765712,-0.30920212431518634,3.017319713759553,-0.6441447185210075,0.1378732631981172,4.122239279163402,-1.298598821866498,0.24711507941603594,-1.0602598383422384,1.8211450149798116,0.1294595688835618,-1.6446369190224814,0.07279422990237724,1241.9153726035331
-2.4605743310704287,1.3328771458818869,4.960103720457601,-1.0174529067055416,-3.269172063430795,3.86625392251361,-1.9596512397658887,-0.770023877447254,-1.1887388387956854,-0.7006567059321468,2.758117658419755,2.374455877097256,-0.7647834297149267,0.6484745604982217,1.600950104527435,1.2127986250594425,0.5264162033627913,-0.1946123716155902,-0.7991239252615333,0.396597860590468,-0.024554019151626028,0.1177849596297742,0.17627538320446945,-0.3938681223988322,-0.01794735023134464,-0.038600902558636754,0.33543694743927044,-4.3971684364042725,-2.353443603107652,-0.40833734422385903,1242.2591390469315
-2.254595802492588,4.587893543840109,1.7134795153724363,2.8340287361717786,-3.45719175925032,0.017904342999409212,0.2835845395949078,3.5140716967194727,0.5343581557175839,-1.6156871647054984,1.7709769419574946,-0.247264536841659,-1.9423728340753263,0.4999764450695695,-1.6121089087457254,-1.296850022070071,2.98795499776325,-0.4155077794102866,-1.5312121809060808,1.610596275561926,-2.020955197179486,-1.2375874934088835,0.8058974446183236,-0.5307258936037907,0.997508558576303,0.120812877533099,-3.646415699688643,-0.5281182159795696,0.23785822547835944,0.969585353620653,1243.9597772210807
-3.225158834205746,-0.24174409601431868,1.07133261889981,2.3454241122931005,-3.907327407497986,0.7399471734266911,3.155776703084439,2.1463437248339154,-0.05332786572975845,-4.242510730133982,-0.55647338581713,-1.3077361428195364,-0.1351079342551919,2.050252918251033,-1.0261032875568126,-1.590346614908331,-1.1876370331937154,0.8677855566951251,-2.0556031552220504,2.104723442760501,2.5743661285030512,1.5906766340657288,2.0589457048584077,-0.1360438739707931,-1.8185071624497309,-0.0693187225707021,-0.28001675746073185,-1.8031333802565321,-0.9563083821017578,0.2500368208034523,1244.995423724792
-3.4044000056185983,3.7346751012608905,2.99741511402557,-2.1866128708925276,-3.2172367621300926,1.5111899562691433,-2.15035003570224,0.6088221700275935,-1.6296534573949737,1.8814661192164817,0.8255861862833878,3.1128491583592615,-2.2931478147198936,0.4903552118422395,-0.7316051864187912,0.8181529437636096,-1.3450113144457554,0.618297192858356,1.95624157136527,2.465136430331452,-1.7106225570326856,-3.288286528477073,0.49449300101920074,2.6172768352869773,0.9893205449250851,0.41658387694305726,0.9569831503254652,-0.4842906076956659,-0.8719592314916659,0.2374753241037391,1245.155334747933
-4.027116316259799,-0.6677002077497142,2.0914387196428756,-5.093875195849988,-0.40509322542439696,3.142247271540354,1.0546792668192855,-1.5699141493515363,-1.9042441485512114,-3.968414789047776,0.6786444281154944,0.35370846577915166,-2.732660863686873,-1.5258557666132606,-0.7512457659333771,-1.3174284747583929,2.465024834634952,-0.547902781615122,1.5074088929795626,1.9924126577865724,1.3292242025301473,-1.5714150323587464,0.2117961275866299,2.019539729503848,-1.8972611726793778,-0.547047639343163,-1.0980460004186359,0.08113027352045321,-0.8297919483300835,1.737067024960778,1246.7956501162505
-2.163262207714415,3.7056002304651106,1.7701500499528544,3.804300370822374,-2.909749604174092,1.0093509112841366,4.758323133079392,-1.1308900726731634,1.7284792813999508,-1.7057145576803978,-0.6964831667566429,1.1786933600506366,-0.9821772030431227,0.9259116484345598,-2.928903627459006,1.3287968892533926,0.9120603412688986,0.11400416379017003,0.5212745096424249,2.527340662928543,0.8495164099834338,0.139994563099602,-0.7616473322791775,-0.6010119425521216,0.204725144288035,-0.6226527430170441,0.4599309891529173,-0.6839715582064544,-3.3407478466892115,2.0997773388104832,1246.8179676139064
-4.325369485844403,1.026181640285844,0.12023546649171879,-3.5635199680418337,-1.333608174681345,4.100903786226097,2.458881584063886,-3.6905738765431475,-1.8599809137863939,-5.116323419713275,-0.12085078125837262,-0.1969064531949859,-0.6993828392386531,-2.573621074972602,-0.14188167416633163,-1.068909913461938,0.6362601634001237,1.3254927438272661,0.164909595380261,-0.17267994266105502,1.842731509756088,-2.8216367796691904,1.4194573522523726,0.6275349159074652,-1.369060537056626,-0.5716918240316686,-1.564945997808215,1.1095008672363649,-0.35762506244084125,-0.4360640166671028,1251.1751646358753
-3.247821147023366,4.244224548731777,0.4165857721283249,3.6449804056819204,-3.6431582687879422,1.3746479092570196,1.5337473199618907,0.010803175814751653,2.3599985878740064,-2.904807890629458,1.9116957801928511,-1.221742218907388,1.1094544652481173,-0.17294248051573285,-1.0331572560310107,-1.2566489566809267,3.0490209949866562,0.2645918704049117,-1.7168363721436743,2.1806152962670566,1.5644443134520898,-1.041691594648869,2.307422994302642,0.37040932521528436,0.6734963921063837,-0.45792949598165905,-2.3504867838064287,0.6221546036420023,-0.9548351289156425,1.7500984547452307,1251.273433406806
-3.8486037840041916,4.577427541279681,4.747567399308529,-2.5877615109571104,-1.994378604152037,3.0788657703351747,-1.710506141259858,0.7810919996399746,-0.9849489333166169,-0.1205954451206186,-1.2191297233694893,0.786381845869344,-1.4948374291413304,1.9705204544882846,-0.11545093776353893,1.7600549962969383,-0.19577175483922193,-1.1856448494074059,-1.9674127326883082,4.0303520962233295,0.35248813662337064,-0.2880112272704056,1.5124883618643148,-0.7903234055695854,-0.3067653199473247,0.9234112021164036,-1.057542787237657,-1.2381795155232702,-2.663526310139702,-1.105152323179345,1255.5056937754973
-3.3774789282238373,2.036463841934046,0.9584852837659039,-3.542477810076903,-2.90185876569511,3.4217379025493466,-4.604133860987818,1.2643054153200979,0.1609658910834022,-3.247873340289032,0.8375952311291098,1.1635758753332932,-0.27617865478093684,0.04288756342324446,-1.2691675438540304,0.8129827441867582,1.5115944574361269,-0.8681549396523057,0.9009884430720846,3.5159809438305007,-0.3368420149338619,-1.0311166899144275,0.3506095170043852,0.6373292583568486,-1.867654319053337,-0.08398804212930941,1.2555009714355174,0.7956648650283826,-2.897949145229784,0.038644144898234534,1256.3084340758362
-3.697527940143938,0.45814830503866244,2.1031474271439192,-2.821515293739705,-3.094698928841174,3.751915400268782,-4.795160939638359,1.61861452275414,0.2992984727293987,-2.689577379352259,1.0860000349978474,2.357256864600118,-1.4421842125983786,0.9878472234033423,-1.3807362661904476,1.7716963701901547,1.334541245067164,-0.6246990891361996,0.7035303315164827,2.3020156671776313,-0.41905618401474487,-2.1519979993062317,-0.18258492561177664,-0.04839689464000907,-2.4229465246246003,0.7368312984481916,1.5782927945057619,0.020951924575715097,-1.9825556457171873,-0.6021991937064335,1257.8862788263734
-2.9989657501547,-1.1503364528201032,-1.8481351802115749,-4.684436406952254,-1.089725313725729,0.730535893926488,3.4744153653842496,-1.2030618277744978,-0.21733653150846144,-3.752003501884057,-0.3626636811182749,-1.7476501786690017,-4.7685546512954895,0.4172029718782404,0.8767825012863972,0.630874777208382,1.4581667463272912,3.8964284171196004,1.551761385108223,-1.683445885607648,-0.1432734304395786,0.2307401200408838,0.9015737851783561,1.1646955454320862,0.11003529850281668,-1.1046430915294778,0.9473909608404469,0.730124226492433,-0.6308751301119502,0.16065228918630028,1258.3408872954176
-2.927736175532413,0.7389941667157105,0.9235272119766722,-4.175158561050676,-0.9645589281608224,1.940720863917323,2.2901329516194866,0.10955002225104393,-1.8230433825543078,-4.0593558157416165,0.677279946926981,1.8815639346699327,-1.3919306485530807,-0.6235147667166151,-0.6136490180216031,-0.47834199238082425,1.9226679928619281,-1.0051423015861283,1.4564554847471278,1.4308485791884538,2.205173421657347,0.10390465672973359,1.1517520067132847,0.9815882955902362,-2.4250363714064758,-0.4383713095966756,-2.1273358660440116,-0.3103376054929028,-2.791542953467532,0.571143787023076,1259.1211531903214
-4.397528772109571,3.8443793407034508,0.1838502918357563,3.216599096243129,-2.819781928154296,0.7698841691357927,1.8629909687039108,2.110170269567157,-0.3076521634200733,-2.053729930540387,1.5434121978940083,0.8645909417155225,-0.022880308220994627,2.067485201857009,-0.049016354004695284,-0.4186165976951867,2.3823660528884196,1.1350989030344338,-0.362238398016115,3.1228351488506956,3.5692777988838293,0.6833713600439344,2.2202583707004253,-1.6889063202788908,0.15663626557657018,-0.38092239080854845,-2.0967871452035265,-0.8821443761527237,-0.533954055083929,0.2466962467654635,1266.3413846478925
-2.7913065193418842,4.278790535395599,0.5457432387680994,3.8413655784021308,-4.14518058178849,4.061148182578854,4.986738175368817,1.9283401783591099,1.2341020230990078,-1.043604164104204,0.7614203090923368,0.8473893589754322,-0.18990021175231298,-0.7701283656450394,-3.154801336562783,1.1407972708644905,0.3581777069794413,-0.8411368459642938,-2.583202759186059,3.082744495794213,0.4267610529333059,-0.24544409362518427,1.314041065779568,-0.7436416071954277,-0.4741194031097632,-0.13891893114763085,-0.5444285615409465,-1.1291286823027935,-1.926842141978684,0.5548573840375515,1268.1269698467136
-5.114297288006571,0.46883884750601024,-0.00822532885297933,-3.5718999370182396,-1.3616301734529102,0.8967632120939273,0.9852786400631445,-1.9546628370538026,-2.1296391246864905,-3.6068985836199783,1.7008578054924617,0.30823951312150116,-2.5894445087352547,-2.2749362074393384,-0.9030643446351152,-0.6745263024767112,-0.33234474051598867,2.440702846158382,0.15074338305003632,-0.30854018534453764,0.8591769174860328,-2.1821482839545023,1.6339627032424922,1.431663554690664,-1.8002577358110003,-2.448135884980559,-2.044288922453142,0.4280904931586657,-1.1897431299982435,0.8026922554925254,1269.5947275393287
-5.103711910060017,-0.3656170233143564,2.4233148827197915,-4.779297717179503,-0.15894505743081533,2.0963362405068278,1.88134302748163,-3.84046197614729,-5.010019011742607,-4.306204970428304,-0.3242572254209235,1.8315159700997745,-5.071989906995317,-1.1567233023348527,-0.8197081975124636,-0.05418134099257238,-1.0034995468401684,0.5501915436479204,0.7588991408367636,0.3722778218667553,0.23114526934800944,-0.9563215835163067,-0.11159250309686586,1.2653716455034432,-0.6516016426573115,0.19513979002548004,-0.866689282699229,-0.5555972660230275,0.6799533121168546,-0.08564728026756191,1270.9891092292276
1.5125121799476662,0.6548660277853182,0.3580399096094684,-3.128760910135288,-0.12504959232798285,0.7012033852383093,2.793068452290358,-1.9622940481192055,-0.8639747882640956,-4.918274484241873,1.9451898593319945,0.5607292057292182,-2.484217444843469,0.37106564586920165,-1.8306130925933473,-0.308385290159214,-1.1760995456811276,-2.1670741264512943,-0.030333217130973145,2.2225839696402194,1.2207920925900408,-2.639963806770517,0.3327725209828526,1.9233166823421701,-0.7648088556465384,-2.374202383166988,-0.44333496034429654,0.3875363528378759,-1.0480132564575997,0.956045429345163,1271.8559942556585
-4.258160130036424,-0.8129869358511821,1.3169360178745013,-4.000430120966594,0.5791032840722987,4.235095858252057,2.6911943087194623,-3.0351427764014076,-3.007514430334968,-3.7145908960855314,0.7944270683129788,2.9532925584660594,-2.865337904241217,1.429805803478017,-1.399561607004394,0.2319213213606829,-0.27188544841163814,-0.3510047824440407,1.7156302036146012,0.4737420707911816,0.6812723713376103,0.6921517364998657,0.04765608537798016,2.975629937764089,-1.3282318316292874,-0.6737429228242859,0.5404438900881819,-0.7453563619395255,0.45668675912704937,1.5429909235050092,1272.4995173554714
-2.7038948279250943,1.3562011125381155,1.4281588683736113,-3.754617140662329,-0.5604622785109399,3.3857003527451264,0.5661445248380516,-5.087643884383447,-1.8499848409566253,-4.378401697333891,0.32159557867124916,2.6463411480988515,-2.808056190112456,1.0597762261477075,-1.9943913293996451,-1.5052033446976907,-2.229250546535302,-0.025192183284926062,0.8722348507320222,1.6257782841127784,1.892617288353418,0.25528491626385286,0.6430541854100748,0.9328707147758134,0.16107511559267373,-0.7103233600783652,0.07543479230079961,-1.4874290713891825,-1.4299687676285542,-0.35518463730695327,1272.8066710037426
-2.9643844699476616,1.3812436928148273,2.346971397186464,2.965598561318465,4.21186332808132,1.0435531328467955,2.360830325544715,2.6721868750393982,3.158270107206253,0.4260033156973122,0.11548886711024287,-0.7494627031765144,-0.3483072221814668,0.2912730029543775,-2.603215416975268,-1.3830782041940306,2.0878040285622452,-0.8139671043771586,0.8662663484053779,3.2075719084585126,-0.31648988861934724,-0.23986940601798112,1.732110967434449,2.4358586119055983,-1.317135162636613,0.931401140160844,2.5396637103085102,-0.18048664651525592,-0.81714178294899,-0.33758724888752123,1273.775681955547
-1.8987846883945088,1.0291017336654598,0.7406646399602671,-2.9532802047209468,-0.15776936256823065,2.9477117006877442,1.3699382585880517,-2.1450870746380275,-3.2344161324167464,-3.0377959756213335,0.9898172708441694,1.9556473746653706,-2.975946598238925,0.43398403348192294,-1.7918716239636376,-0.21032735630805988,-0.2746908743840061,-0.46801416784590344,1.3008864962860645,1.2375784970692465,1.6706081649955142,0.3599955638126694,0.09724905122277216,3.7720724630924933,-1.8608210203643938,-0.281324463821728,-1.338821494961282,-0.9000519433141636,-0.5675480927854206,1.6601775123192377,1277.1121094190078
-2.8994295809349846,4.834661106847962,0.8940840414913566,1.5925031469416155,-3.7730351123614514,0.540953940147514,0.887556540109108,1.8108269065182574,2.0353509413318456,-0.5178948560514387,1.424064402873483,0.06263671784624969,-0.5430874186271855,0.5865422827713583,-2.1627411622528805,-2.123218203157032,2.7508010231074786,-0.15518069340155738,1.1990179727504664,2.20047558173368,3.3919988136342005,-1.278353376544676,1.747116664653127,0.26838592146345125,0.33547987629679454,1.3793103314333184,-2.470717363820953,0.9058752435935425,-1.0781951164205372,0.7063856863977367,1277.1317356918994
-2.5981921728182074,0.1527292387451955,0.20403015373193867,-2.917098889671893,0.3038314648882069,0.6688686561164551,2.4926742971991818,-2.455239319055238,-3.559336627975142,2.794382809370486,-1.3761129364171427,-0.172781318651324,-2.2677580723485273,-0.12628455596426003,-0.21163776828682712,-0.546629090395845,-0.2394567345041801,2.9635544892691477,1.1053906842084702,1.4812961413951873,2.155148171930561,-1.83461610619334,-0.5576987149669318,2.662488511138931,-2.371748818346954,-1.5767708989781224,-0.7718361027020386,-0.9699669078819491,1.051043865667898,-0.29627376732996646,1279.0551272484622
-0.9007308242993632,2.5296111565101986,2.179976624638069,0.014614529075640759,-4.4705047536645495,-3.663083527707043,1.371471591614176,0.8200299561334884,-0.30311291952225483,-2.105900714219246,1.4132802051360276,-2.887272473154094,-1.386551935210715,0.43147294976365325,-2.159790521529526,-0.05222756745290402,1.453320342061626,-0.678845300576765,-1.134097218122799,0.8886015038855107,-0.5958092481802482,0.8347550120738206,3.115366893467514,0.13890658495828834,-0.19567903287405697,1.952987570347049,-2.8677588710340207,-0.5127190118691244,-1.174774821877257,-1.7245701603583863,1281.332372989353
-4.901361983027652,1.103024178889866,3.109774332736976,-4.150457574524623,-0.9685561215625607,2.830986953457628,2.2011213456980845,-0.1449074848896204,-2.2469652008922534,-5.097553171029275,2.1595637261121334,2.8865765641308636,-1.2685991249093973,1.5411249716568944,-1.0020529930138529,-0.38270531339380304,-0.49291772120980504,-0.39143421011882534,1.9457152082858524,1.1109260474398683,0.9408038547379751,-3.165837702349333,-0.03795299241819264,0.7215281885647149,-1.0534111139874995,-0.45241106627669136,-0.17676797122155563,1.1515174691143275,1.1131419446196262,1.6341387222717292,1281.5834216426038
-3.902886831857285,2.8165986573205366,0.7287458585637181,2.101508608595571,-2.4867439002954774,1.295965790130382,1.0955016254261416,0.9368420330959042,1.331188446510391,-0.07929792537182717,-0.02321622731963735,1.2413031554316896,-1.1690184164355366,-0.33275708860116016,-1.916903621288587,0.07370160597462433,1.2440467289836823,-1.8803562804335245,-2.650194801429951,0.14314247495411947,-0.4571518052569943,1.2992777961210187,1.463320069108618,-2.9549558917820313,-1.0842467558911189,1.505423604275768,2.3225716823000946,-2.087219760854465,-2.27629344156142,-1.1545741256517603,1286.1521299498236
-2.478715527088788,-1.251611197817137,0.026984886926676444,-4.292470120510813,0.6992509590961422,3.6032106400310906,2.41712283561685,-3.927418480594867,-1.4085147369380797,-3.327658043760385,0.8951614085649021,2.8140166401151854,-3.7512803625421216,0.38236429361492413,-0.3565763673098945,0.5022273377088692,-1.5514202870446214,0.25867555991113067,1.3365517565447838,1.1790340805579214,-0.25453230147663675,0.2649038066263416,-0.28816654453453205,1.965808135808965,-1.8399915467287564,-2.319698487636537,-1.238005762014171,-1.0707848302983016,0.3770247719729792,1.0465128372577794,1287.4068633715474
-3.404873324183609,-1.7754813955656228,1.6233954701253572,-4.156509695478878,0.2779321777136652,2.3415195250221292,2.5118014372922914,-3.743141164360232,-1.7466652975499755,-4.603305309201898,1.3559126531862116,3.844712296849909,-2.570538159506899,-0.5874622768102544,-2.933684671695182,1.4496273270546978,-1.2655321857772974,0.771845948995797,1.1193827543001342,0.748828142255309,0.4292713779860677,-1.6838447215457926,0.7134850009243449,1.2906704442984458,-0.9707857755039613,0.36813438708692603,-0.3195664185037827,0.8027208569766289,1.594755218347458,-0.1578546972541171,1288.1572933539478
-3.171308011677054,-1.261129426825528,1.9092973139201632,-4.543106608761903,1.5430131363224593,1.250005661695726,4.235362343836949,-0.7536554791430027,-2.8495178272321198,-3.0831756681723377,-0.9038550873535605,1.7697128923195784,-1.793551736603839,-1.0292082749668716,-1.4460306055599335,1.937434943187699,0.05804836448970929,-0.886098555634089,1.3024579007527095,1.8412850287897595,0.5575356039929549,-2.721938004955592,1.274572335349536,1.772741820765858,-2.3101894729759818,-1.0671100464065666,0.5595397347317892,1.6986901610845644,-0.8356353846237821,-0.021451449716126558,1289.9879009204278
-0.7385139380659052,-1.8151681933815622,-2.3082767454910638,-4.824486923253161,-1.7496129376172518,0.6733498019454041,3.4316361658987518,-0.6357292864668758,-0.007756834961651915,-3.810062989466727,-0.569496621042173,-0.8770979711564337,-4.491661435398727,0.22867979460887028,1.322508711878977,0.8569835413139013,1.3822902404719424,3.004235989512748,2.1400625888698475,-2.3852745010245386,-0.3778066683544839,0.4758263358765657,1.2512235971389625,0.5527048550326171,-0.231307015636794,-1.3411804002067675,1.2619955963487595,1.0687850946560968,-0.8537344596344311,-0.8448674316264915,1291.5819274887579
-2.9242620264732455,0.29145164619649916,-0.16418662667492212,-3.571085465823396,-0.561120182512854,1.5621745870064077,3.0375359705151896,-4.976979240276539,-1.1665034249194621,-2.8970796320003043,2.0087647605453283,3.500603183326805,-3.249051301490901,-2.4306597822547187,-0.1622778286199711,-0.9872577955079089,0.6745688268574388,-1.5158678695690406,0.4747366250653111,1.7786240370673878,0.06016260905765888,-0.3497261546896518,-1.5320928524883777,1.8656896437765271,-0.43329961320364885,1.8135890749380175,-0.748279222212603,0.5116477775592161,-0.7412018926938779,1.2657045180434927,1295.9222903461787
-3.3981231406157093,-0.7386075137755652,3.2850784816041707,-0.7189674111309469,-4.547040867769808,3.45402971651312,-2.8743715613966625,-1.3645276843378153,-2.1064549977310585,-0.13865611702047698,0.8050985714944591,2.3404489711015115,-0.4213987097542249,0.7634917454636257,-0.41435217244714684,3.6980312847669423,-1.4425898776118569,0.6747775040875225,0.4952606724885855,0.9854729632113663,0.5054900659720252,-3.065950965220516,1.9266233230250207,0.5456247474020581,-2.1113884924451782,0.34429805215991843,-0.3575223824331539,-1.0231829153016783,-1.5754674477234982,-1.4773593401823448,1296.708225244064
-3.3506492806795882,-1.6162536569319723,-1.8657340800225422,-4.445307451561898,-0.6282958619830646,0.9175380283054371,3.2408814170456983,-0.8781026971693102,-1.5424019626734082,-3.2822994283521,0.50658933593385,-1.202297289028818,-4.663524526064982,0.1560479602102593,2.2677499617152157,1.1169303835547717,2.0426629121938893,2.2234155217044007,2.381949530837687,-3.067227994555929,-0.10384144642597892,0.017200197432493458,0.125999953703874,0.5889122629420827,-0.44306561629289953,-0.9741929563068359,1.4224532299771748,0.9567759776932772,-0.028333953308462223,-0.05159187783386604,1296.8858356841304
-3.764914255632935,0.2419047569454028,0.08524881449308941,-3.178447032638057,-0.9671666527613398,1.6020859316037594,1.8965366433702753,0.3900461795757364,-0.5895259488228137,-3.633154524545289,-0.031979386928467385,2.398164766274663,-1.69281636238887,0.23668934602350955,-0.8607258753029847,-2.417924303073388,0.07210819870182567,2.579376352217952,1.2065653455765308,1.1700918450758329,2.3569887062969954,-2.4736434157362988,1.2835862479320035,1.4256652301761625,-0.9118310839743219,-2.5562988273591505,0.25702500201869427,0.26926190381369763,0.07490455215180769,2.1759386121005453,1297.586750986387
-3.232006976263114,0.2151421137883286,0.4020205005212713,-4.627405562284781,-1.2974053176344484,2.8969004715714686,0.14847111976273475,-0.33467877610291996,-0.7890081405038623,-3.696105974976936,-1.2661495205675521,1.4252402327964706,-3.0647318480585852,-0.45072948431017235,-1.92539347663191,-0.025596770959417203,1.8578755874617034,1.2421252144632018,-1.0413854838472267,1.111646462457281,0.4920485119501826,-0.38733851440156897,1.5028596033473232,3.298513276676186,-1.028928003575011,1.380263403536617,0.42990544749821946,0.7056819328795454,-2.3774642070155716,1.4654579918740223,1297.7912888169722
-3.328099961704297,1.4612449763995627,2.3403157978003204,-4.243936867224957,0.3807465085251861,2.9854182263427966,3.7445531077695535,-2.6038065991213326,-2.174059173716984,-4.647093659036823,0.34849830082938094,0.8745256978717577,-1.2365197190469566,-0.7036519552104437,-3.696704376200787,-1.3542865640007775,-0.6099712507031845,0.44551971409904634,0.8973095693423996,2.3521389827447576,0.8126002388561591,-0.4715379077114806,1.600343730043162,2.15976032272268,-1.1676511716835465,-0.6149043940448012,-0.8266408906007016,0.8976145507810459,-0.6151998179418467,1.1011262609147845,1298.2951917096466
-2.5251761896168787,-0.3359981555627001,1.7758483571120272,1.9402815665631223,-1.7044068333629063,2.6462095138543518,0.6736445699520597,-1.0347713748520426,-0.4093226520783283,-4.271439355930831,-0.12362768228962173,0.76701298047241,-3.635661784172821,1.927677046755156,-2.651737444832912,-1.152926814275494,1.477505871337584,0.10767409778869513,-1.2546076638136547,0.3032633262847293,-1.2978851618748155,-0.8480117411469945,0.8860911385739545,1.6635549539450132,0.30908848665560873,-0.879346377873313,-1.4224490595259065,-0.09264325587299416,-3.5149298003718585,0.7767697563837006,1299.6834341457375
-2.004761866564875,4.925868027917039,0.6229422091255097,2.5019730522622488,-1.7890647590511715,-2.2965102653519227,0.36923324364177573,2.47740955546911,1.725198984530257,-1.3257579648600228,0.6091824537386352,-4.976855270097442,-0.6795069074874391,1.0509616236389807,-1.198546607735831,-0.3440747703809306,2.8531567049208553,0.823540018060119,-0.8090717106690906,-1.5747714524475098,-1.4742399631661027,0.26621058665765496,2.073797012876799,-1.245779680668142,-0.07476755418557918,-0.33702240571416087,-1.5347616325307076,2.1160194513568786,-1.619565936236443,-1.5283573061648876,1301.2347114702068
-3.0512428459826415,2.7092919698508138,0.26343696018768326,0.4792277160765548,-2.310918793480127,-0.5777865153204973,1.034364827482346,2.384513144474118,0.09854071060720354,-3.705354493510886,3.761635387017534,-0.9961490293905539,-3.42530080547718,1.2130581176800979,1.1610306136867352,-2.142788322230497,2.758406934888305,1.3593213673716047,-0.6832576463970137,-0.2509437880856549,0.5686290911659814,-1.5222251037789558,1.3186951752911178,-2.1619063297587573,2.723779937992875,0.10316077538243179,0.28054645625212005,-1.1942871589471247,0.1765092220376867,0.6539708154776136,1302.771777295857
-2.4548376384531356,0.36838939927325415,0.8986539633249429,-4.303714330240136,-1.75875021679433,2.479149035933066,1.4349685649899568,-1.344248065998985,-1.0269861515645784,-4.330678176607507,-0.20712282273811955,1.3149748446402465,-3.0500395134509932,1.4800303352134787,-0.9113707272970649,-1.2514976871024697,-0.027976648862410913,-0.03425798017825288,1.1079976905151887,1.517129227464448,-0.20575183248109885,-0.5468642258185327,1.5123253278472875,1.8947846610664945,-0.3378455496580284,0.69430460721451,-0.07157479435909916,1.0601975411325153,-3.4182291906835687,2.08647037482917,1303.4784270798914
-1.2403855511116921,-1.2018712847404802,-3.511798588390968,-1.9086677620535286,-1.86292416333064,0.8632090300575894,3.044044447464443,-1.5403270354378256,-0.03773585473848429,-3.51384767970581,-1.741242577850753,-2.258255568002277,-4.105359456723319,0.6621073151687686,1.8845816972233975,1.374481324068484,1.5343306653249658,2.902573292281212,2.5862871915638896,-2.0264920647644082,-0.6005396349117961,1.2591799678472042,-0.0319883250615729,0.757062603502885,0.8189176543398804,-0.4278414731241824,1.1952487490219401,1.6104154422638592,0.20539527214983144,-1.000228782792081,1309.5153946759228
-3.9330646139809557,-0.34957515830628894,-0.47604500385836057,-4.270681498436988,0.7536505568697462,2.043819616696066,1.3132182924832327,-1.7376790501675994,-1.4502745391514997,-2.4175989573272583,-1.6503472798790937,-0.02487855637456904,-1.9228734187734629,-1.2430371611132058,1.6756352650802238,0.20616572963034052,1.069437286124275,1.86741665212751,0.19616692460038937,-0.27316067535653366,0.9843150502955046,-4.236205964442339,0.5513139424615707,2.311697202067179,-2.134140222057365,-1.534865433047443,-2.006628991005385,-0.34971097666376644,0.04337657899978668,-0.7417656010580799,1311.9651908137985
-4.943871764270757,1.1547100202829605,-0.858504120462123,-3.1194770261648057,-0.1158545505440618,0.8091482868004344,1.9656071422083117,-3.5859669631205238,-1.0694826016541552,-2.971462021093856,-1.0039097098793304,-0.08326171266765164,-0.6121513655383928,-0.2963498721838792,-2.494873694407236,1.7662152638636168,0.11795439330456642,1.728007989490981,0.24868058734487114,1.6577593124152128,0.0833075530763413,-0.4634190863607417,1.0129034830834645,3.9561378882996334,-1.2699584737449836,-1.6853729606608325,-1.5453181634357258,0.05748013157426923,-2.1820388582729637,0.8647497693010612,1314.764666694927
-2.680629846761523,-0.7339866563513411,1.4492315671167244,-4.955942369143209,-0.6848110316008333,2.5009892058695913,1.1157495136333795,-0.5389144840390658,-1.4702836948916427,-3.899170830567633,0.07554446043041851,2.7782912937724684,-2.51883173399995,1.2721712017407323,-1.0700886161115073,-1.0268554236896947,0.1424849485794607,0.8787658641066529,0.5016635063277952,1.2810034544741067,0.6693433394702362,-0.7402253295109742,1.3187325753804795,2.589111995739212,-0.941711508230855,0.095685425448236,-0.9391792362913337,0.7496566836012966,-3.301203973460291,1.8476017756045193,1321.6868410799877
-2.2454221550788542,-1.0354587602613985,2.316108438303357,-4.120149919257749,-3.969742731504367,2.7204526953663897,1.733817022905615,1.097267640815325,-0.06668385961988188,-2.8869974640355123,-0.6290998139232085,2.1119267735069167,-1.551738922798035,-0.8849961720517096,-1.5734089176459034,-0.22615095175803365,1.0042318899952403,0.36568169880514967,-1.2862012159668508,2.8896709462799044,-1.4862099015520178,-2.5372208076319867,1.0258334858637588,2.2113630559172255,-2.323144749120769,-1.0501619711074923,-0.7302150697811146,0.15431125088266234,-2.1160443342058115,0.14567388533359693,1323.2547256959363
-3.3455553494516717,1.2607331242402944,0.6255524755643194,-2.6504125191818764,-0.5507295848855664,2.215270638685436,1.5182674466771857,-2.3256464780274495,-1.1145020076012133,-4.613509449659087,-0.3714823989350029,2.5134793712466776,-1.8383604780419736,-1.1895088159450435,-0.46485404782877726,-0.8950750349539852,0.3731395601962071,3.0164699905460797,1.9371058079774257,0.35129974635024896,1.18769266615743,-1.8190863141836116,0.6188891393195795,1.6784733323648398,-1.90698602857057,-1.5969552072254893,0.5053003127886759,-1.0469234582914304,-0.7483971151248789,2.467074974769387,1327.5687041633664
-4.544112750627492,0.07663133619443396,0.6856951565069449,-4.360982513105347,-0.2122831584159337,2.4394878037469123,2.542205269120158,0.31501298673210626,-2.1948821338579676,-4.054775021539156,1.1514779933282304,-0.9783553310313312,-2.3519743108247084,-0.419589304444151,-0.4665346290920689,-2.609884951611943,2.854215871255728,0.3275620354303579,2.2095533055530825,2.630435341084988,0.697185373727496,-1.2022037541148078,-0.2483269769581049,1.5044011830788437,-1.9845503376542744,1.0204140625137363,-1.240179643866033,0.36521268058673295,-1.4629294349714785,1.0035147277332843,1332.9543859859677
-0.25843943133634717,-3.7421651491354075,3.280051733219444,-3.223530397138802,-3.152997589686886,-2.6042116381184717,-4.668723098536247,0.7815621858467418,1.0702656765600862,-0.18689194153591457,-0.29629750282614997,-0.2762641223224266,-0.6119471701784691,-1.2658109878109414,-2.326407259108657,-0.8636623504397714,-1.6092016619864682,-0.19889410806070973,2.29477819028914,0.16721092022661765,0.3133607279688575,2.571994896080541,0.13865933871548355,0.08637383577100766,1.8616093143444346,3.8209157384295223,-1.4308248413042532,-0.9940834553305047,0.4613229790044325,0.22495310797923462,1333.160382886199
-3.9802611780234374,3.9676635691420308,1.5319299221894649,3.0397398865059513,-4.363381400972535,3.330889045766431,2.021330412119627,1.7550603970268934,0.26396549074887055,-0.32718672179722524,0.9779172991058969,1.033534205573787,-0.401384757323367,0.6270744139724376,-2.800982099413708,0.07854720916080082,0.6281332315174686,0.44161639784631224,-1.8453158831343408,4.8425034049683475,0.26925679224075894,-1.4769167356005417,0.8096660609067315,0.1133124534766537,-0.23628755287666336,0.4908140592229946,0.6384105084383522,-0.8056933099367216,-2.7198336219652766,0.7515217803189242,1333.8709913096368
-4.463942437859031,0.07813191953062248,1.7121906762680528,0.06761911080796001,-4.2778480735379585,4.828719965821038,-3.6947220380939996,2.1890851134194667,3.246520310953175,-2.940153818750421,1.0893740756798613,-0.6462923275420203,0.9048833806607618,-1.4382101620400594,-1.9920972774968,-0.5380223727171733,0.3799478151554934,-1.9791383491179202,-0.19843085684030137,1.674255025147687,-1.327338211580035,-2.276810426841004,0.2932199187397112,0.37431584860970957,-1.6029959653151735,0.7675352518100838,0.6751352775950653,-0.7526811100219697,-1.4996973257833912,-2.453210811481945,1336.8279804454826
-1.7418234691517362,1.9342537681869971,-1.27809794456852,-2.6136198733801708,-3.1932127249018483,2.713497505744407,-2.4410014874220276,2.5168556813477547,4.5346966043340515,-1.153773864195105,-0.12457670954420497,0.16234113707518327,-1.2299588524251506,-3.796517512021048,-0.19383615718698888,0.4165454001629685,2.127007724471338,2.0301334394834734,0.08616744677969171,1.5469796641560565,0.15856581920981244,0.2522099708868091,0.3362278103702374,0.7999559514446523,1.8000686948905795,-0.3589354785286909,-1.241270714051706,-2.320915802976229,-2.393262485712155,-0.9548821585679276,1343.1809958270153
-2.5070493935474643,3.821663342375781,0.6615710883371116,0.5664174113152156,-1.8587012901394577,-2.581261525247125,0.196448326113686,1.5484476334986066,1.5272367921972925,1.4276575386448331,5.014492336103016,-1.11719967524192,-0.016048354214154736,1.8859669995184687,-0.8934186421398054,0.3327948477209013,2.9062593911442574,-0.7520058285549897,-2.2544081578745243,1.944582766404981,-2.1213009479544396,1.1935830665134686,2.537414743163965,-1.8065854754897723,-0.8224799901391953,-0.23627382823253407,1.360447483761972,1.364798417244534,-0.9128647330957769,-0.6030923247733471,1345.0709698009305
-0.7710001663068777,4.814665386708844,-0.2215690254472963,1.4169456775372453,-4.570847735875326,0.5595175895321236,0.898659795881935,1.5937068222177386,0.5713929672617404,-0.9191682943602937,-0.3903046794559736,-1.1529703145586727,-2.833586317588556,1.632172732195194,-2.697146653881794,-1.3544485013199732,0.4463357369265244,1.3107714919277322,-2.5518401326400437,0.6084006603939949,-1.595345922578177,0.7886143328155422,2.4932963049211985,-0.567014202758623,2.6439134248236265,-0.4581147230800194,2.1451573170484415,1.2281769713449746,-0.9161902147971688,-1.811643251219253,1349.377802574648
-3.6002041019019893,0.9925842513409608,-0.168420444459226,-3.389841974120957,-0.7276525658951087,1.1412039965431107,1.9553264785865219,-2.591916618002891,-0.9369505944703754,-5.111371432493671,-0.34913299102646644,0.16910917894365185,-1.4511371418541472,-0.30883555561341597,1.4843032155633278,1.1608477086680544,0.7165249547337229,2.133031415211901,0.7820072372412388,0.7571751042171668,2.3848151217583737,-1.1388140586056263,0.10919863002268748,2.934069866866212,-2.7025042185812813,-2.250157259285621,-0.8220025311494781,-0.5627431026694798,-0.5318957237171387,-0.9418757431674439,1350.8365709895656
-3.612837537128222,-1.8529460874213366,-0.10013103384709177,-3.3720403886552885,-0.6055743437548575,2.079480456486443,1.5938029229769322,-0.8317560036178459,-2.4709013953306593,-3.850258428987768,0.8972412009163091,1.6264006862889542,-2.884266701309158,-0.0018339294720453592,-2.3740999122428414,-1.5068465548007035,2.043360011864721,1.5228990314393251,0.8879776759763581,2.2264889921679534,1.7756184340136043,-0.44876175033960686,0.6469925353994084,1.741492851706519,-2.6409850068089815,0.0991991793926873,-2.3783917603221476,-0.06234037714022189,-0.6217245338815494,1.2029608062266874,1351.3372452971603
-3.2379397194525006,2.7514579640391448,1.4548603716845663,-2.0664141771734554,-3.923295550434334,2.5252663677303673,1.8095606187000437,0.6749910529857482,0.20088585517633722,-2.6013594241922484,0.48457074431377267,0.9168826811481734,-0.6658897554527601,-1.0652565547590247,-2.152819979452887,0.7048078548516684,-0.5356104392659992,-0.798061755991314,-2.8245692205138617,3.039065134043839,-0.5842528586483239,1.0919241068122334,-0.9151995757872975,-1.314535846945555,1.6333300276521536,0.21924726281541762,-1.0075958369274973,-1.620069527881528,-3.5529426885657918,-0.10508920091035087,1352.704495927378
-4.567506690418088,0.8915684241365444,0.7244133163087956,-3.1915245968383177,2.2739589138172858,1.4487459667630016,0.5032115018465138,-2.324154481256941,-1.5927535602334053,-4.4938492322345365,1.3555908530502347,-0.3907851743601948,-3.301703718445573,0.48571667172664756,-0.973947267305977,0.04903647090591995,-0.41126824550277064,0.2040726347386288,0.17159637664059146,2.1433611079003336,1.8306659874056543,-0.012014158487534177,-0.8574968891700627,2.9959113547078866,-1.982903781952308,0.8154722002476422,-2.451354962816735,0.23416665836605852,-1.2386745410105064,1.5990283754906764,1353.6553477630762
3.1775149189124363,-4.356677675589317,1.8767078563456663,-4.803327649421436,-2.4660399499931946,2.1751419795668925,-3.8086263163935943,3.5575029606063064,-0.5133806702029872,-1.655601228464279,-2.3871185228203426,-0.3677933080705027,-3.082951099121165,0.3768250537684905,0.2226226139541841,0.06219948764735346,0.593410788965449,1.4180366569423313,1.6602836602989741,0.5654033476486534,0.10056910177906664,0.02625172717045013,1.4876802357929018,2.4108892428941355,2.2708788170690073,1.700566563151981,-0.711590962269183,2.4653143375383575,-0.6225223295434521,1.0566195374518215,1357.203190654407
-3.486932410807797,4.076621340880772,2.630648066390357,2.657158579543828,-4.857378707491377,2.3981455662079014,0.9016802899656615,0.6926918335012644,0.5186913885327075,-0.6752998921653734,1.2188940013323981,1.5249111620113074,-0.8820638546812184,-0.15199272909028283,-1.7714812368566815,0.624435080878296,1.3486103854295592,-0.2934893806068266,-3.0860285396520792,3.644366685142738,-0.801322552538587,-0.6818354438907965,0.5079366314742804,0.23217498795438574,-0.011380146926538326,-0.9732815004734059,1.3906421923690697,-2.3284679001624307,-2.903094772059514,0.319800755938759,1357.504656364304
-2.3815699486980613,3.7252785053617714,0.8369275648032428,0.3367051552509137,-3.539899261385069,-3.119410451557291,0.09764939979434029,0.964793757178404,1.4503803858314301,0.7634947136412682,2.4884387875354417,0.027891369351160045,1.8805574385072217,-0.4600608828714161,-2.1447186116622774,-1.1038196992649452,2.611394588374359,-1.8486452574705743,-1.8669448647775657,2.3577197088772377,-0.3377282669560132,-1.2328857259645574,2.4910268574951826,-0.23738985425217984,0.9609366370841739,0.5629327103859699,1.8372490710837275,2.8701430262433396,-1.3385083758675183,-0.8858891753029521,1358.222599213742
-1.7822130094505046,1.571423910697064,0.2893261461697938,-3.7945428344217573,-1.4619397928140163,1.4133514509057736,1.712481146869461,0.1502207533262752,-0.24350963818261406,-3.1778878060850495,0.7845963245870544,1.0439443655589857,-2.2793729401174154,-1.7415244428558312,0.002613199027710067,-1.2376234250260514,-1.169373787426201,4.375991731135037,0.5751916219683446,0.48978220570987563,0.25801190652284206,-2.34631044389375,0.9463639539903297,2.8525971514683657,-0.55445030257126,-2.7497391265256943,-0.521618625894516,0.9882009601366336,-0.4288978501945919,1.0605095995798597,1360.685121341072
-4.835611646845199,0.7273130106555051,1.9252795585982216,-4.637260413248041,0.15653698475582173,1.8453507676054914,1.6502812110491556,-4.295048305919185,-2.126653383698459,-3.7748400640782513,0.7266994223539721,2.3973038976349432,-2.171105435764744,2.5114721206302573,-2.369321698479758,0.10315929631670145,0.26579507065331376,0.26277652490679737,2.01369176960082,1.49884793234594,1.1886301243798734,1.121715396140265,0.9235229555303671,2.4306085639943866,-1.1706328338103473,0.6119589702263373,-1.0599997720853518,-1.5863372828053268,0.5936328346472519,1.4630839697366567,1363.1141458361694
-2.4032650268563795,4.3892032446929115,3.037165310473389,2.290883050039177,-3.2777791279524107,1.9534622370875798,1.402464521540347,0.11663473260782986,0.937013379286028,-1.4823763406830324,-1.2219968300884891,1.6506384192102599,0.44938529885337813,-0.31075106663486973,-3.1768985955946114,-4.888782108204206,-1.2302776237772668,-1.1029662478333169,0.38249714252780675,3.2493933637076178,0.976949052275657,0.6207307380167546,0.6366983831106695,-1.3749163992233715,-0.39596369979953394,0.8117866288735192,0.116627038194724,-1.9607775234281397,-1.7120615360043239,-0.38564363672424906,1363.5609597864282
-1.9042646797142306,-0.7696921413938328,1.678938155120135,-4.745969371539558,-1.3863460202533129,2.2688025500163147,1.2379909684680828,-1.085571917201172,-1.6791046840356605,-3.903432572195297,-0.4837957454108316,2.300128106613353,-2.0834622256742925,1.052290139775879,-1.8527268128569916,-0.5801246441152276,0.4153126668725496,0.22341853307852053,-0.24817941136029043,0.5336901467331283,-0.2350138995940023,-1.3857545262858957,0.671867323195085,2.298435178573752,-0.1795360794709678,-0.7414905062883144,-1.261849845701207,2.1515529114632446,-3.8030012596774334,0.9828859061356247,1364.0125404710666
-3.8786921265808987,-1.3603586991767886,0.2647121538940653,-2.9368938113384555,0.9537889742780703,2.665369895423625,2.911316626544486,-2.864316586909886,-1.7490690575221894,-2.944800672310518,1.8659871236214298,2.447653518187797,-3.5384595299171147,1.8232326419519242,-2.157863576829176,-0.4753404280957643,-0.12043279286683711,-0.6144360699855687,3.071017554956009,0.22067594683435576,0.31318975924821557,0.9433513243313693,0.2420871327828127,1.4742010902833376,-2.1396855387297524,-1.9845530993623082,-0.5536824290455803,0.36693420030530527,-0.17105402214493803,2.1550377675752856,1364.2383180766626
-3.655591924101369,-0.263035613246034,0.5740296965830829,-5.080342803605476,-1.131004782658578,1.8975050149725476,0.7656799419412361,-0.7069146786480173,-1.2758955243804382,-4.175736993651081,0.46697455542107413,2.9462674816023617,-2.368804667719744,0.9129876821288798,-1.3715021388737167,-0.8202739852141199,1.938790108176411,0.7692514998588569,0.767586889137631,0.9960325108598228,0.0544085839212719,-0.9483281233968656,1.7615409193237894,2.481679973432146,-0.5271877316832257,-0.14813600377698322,-0.3524279897759746,1.5149393796858022,-3.1692232828717968,1.6671074868535982,1367.4125284586485
-3.8219866912761367,-1.00631577819587,0.33986114701493936,-3.69785841308119,2.0808343274854226,3.8608783950419325,1.8609823352608827,-3.3283636000489305,-1.4197571735279977,-4.441353138914236,0.5187733754369852,1.3019041637029944,-3.5753011054713912,1.135453085607177,0.17446159487590374,-0.6636942009652749,-1.0955188069005037,-0.20043061228750694,0.8844017564457725,-0.3954514800240667,0.34510772393673533,-1.4005965402482476,0.4848534854046043,1.0834770153549202,0.041946757692183034,-1.5004993769407606,0.020430675368984352,1.0736729599452197,-3.761621366504058,0.9004572585997257,1369.952181236822
-2.9681883176972716,3.316958310720829,-0.36920620386133385,1.3534512678422488,-2.720006773581548,0.38294429866893076,1.5163305348098577,1.2610850633405777,1.9395076275605918,1.9735123248732047,1.6132336844381339,-2.084954685972311,0.7647195122788466,1.6949775347015001,-1.7982309864271957,0.35186642519491207,4.139739355779999,-1.1446818983619824,-1.32820568917347,1.0515676556927525,-0.8391979271268941,-0.6529725016349878,3.972982762436617,1.091293296656676,1.3228355184506504,0.39635257871501756,0.8743905058917885,1.1492260145781525,-1.9992580768143156,-0.41707270339477165,1370.085387070164
-2.9600190804526068,3.333485975018741,-0.007640164254938631,1.3140870606812907,0.25424859264071153,-1.222027157985428,2.7336241897333635,1.021594779219759,0.39992904276243746,-0.4828665320845187,-0.6409083719496906,0.09975275438106035,0.31731190924623837,4.900214579050044,-3.2403735733649923,-1.2666431776380613,3.671239152920128,1.6892419759616804,0.6042207917502734,1.8733807005568937,2.2590977597962203,-1.2277801977980591,1.175772223846463,-0.8152753074057244,0.24472918237278823,0.9486058501356811,-1.3135671027361873,-0.08778899801402296,-0.24788599577277437,-1.9611145589229797,1371.453767402565
-3.6684943423270764,2.882719579249765,2.059370290521997,2.0803989001634715,0.1979261370523977,-0.1789214393096493,0.02505807602244802,2.3739692651805306,1.2444822435306058,-4.337627385681825,2.1501728392870065,0.05869981214248554,-1.5290025072309723,-0.05072731792697005,0.3697227802653531,-0.14991119947481785,3.9650502645553147,-2.358937702364482,-1.1834831694569403,2.5425036550252713,0.9728686526096275,-2.087170088317366,0.596492707559545,0.8470348973229014,-1.2104275904781097,0.8213655329996654,-2.849135824536033,-0.3405058919927419,-1.0432013891189444,-0.5252169907520581,1372.2861362210267
-4.426739420862641,-0.8582822486284866,2.06593889051082,-3.9373565052793698,1.460630220027667,2.807291170013086,2.2745893055810606,-3.4324716795743107,-2.6146900635439256,-4.835335660475588,1.1026192242620418,2.1257572624590657,-2.809622159110454,0.1452727446415487,-1.5919564469789322,-0.38613722208676526,0.5272433285304826,-1.0902470056173068,2.4590497066773054,1.4434299457301183,0.6565509506840641,-0.7659179010398656,0.5762937087287706,2.1201848224366007,-2.3035641373071014,-1.017537101155536,0.4769754261446516,1.4556416771022906,1.018205950718384,0.46983268158721514,1372.4632142760993
-2.4096928463640763,2.4630465726474053,1.8308802441269028,2.715747059749593,-2.9109511984637666,-1.0894912318283643,0.2662140363138065,-4.639093305858248,3.718709987439988,-0.8510780188452822,1.0594306652276082,-1.9340911755315906,-0.7178816777382437,-1.4465138113323683,-4.17884460956758,-0.5805042463077945,3.081121094477219,0.44748255874013987,-1.3050090022872873,-0.4591311410105592,-0.8052261226604723,0.32078469581430474,0.461021111415789,-1.3599779607572897,1.0651492000346012,-2.471947943925664,0.8765370270950121,-1.3262794159673001,-1.5608674852114972,-0.5012755564253085,1374.0640231163738
-3.7686251150073757,2.0236302029612063,3.4536910324829337,3.3088117544731483,-1.4029139190441722,3.49274528188777,1.8780554762442205,1.9997478670608495,0.221556936630652,-1.9315406778481596,0.7367725546930923,2.2466055834052487,-0.01911516948659453,0.1369237859669517,-3.4343744428304928,-0.5565260573786585,-0.09832596488138556,-2.719444527181653,-0.7160779726762887,3.3731680962813715,1.1568818515486585,0.478916211237437,1.4360156568290172,-0.07117705244153272,1.2072070519027622,0.7028565659869421,-0.7302737749580469,-2.1162021251408127,-2.6597098902875462,-0.28810322118110165,1376.1217327555787
-4.2386433706255415,1.6395933276330024,2.8502230501666217,-0.8556931032033965,-1.5532792892245693,3.341217526678034,-4.458304261325841,1.2443524004715252,0.9140578324786713,-1.6402417033972934,1.2614221147342488,4.2833140875323465,-1.2384833020023622,-0.640211438947651,-0.2018467451091348,0.3758590148725509,1.5071052194391583,0.5168472074629482,0.5921385115315073,1.008843381157566,-0.3192069226326972,-1.3902214260349237,2.370302985220979,1.6132347221401149,-2.5586995635024894,0.6881514682518426,-0.1532323933023002,0.6887224697044665,-2.758475148857194,-1.6075681305929863,1376.725334538508
-2.1546692444611546,1.167660176777173,0.5141399966217919,-2.392771366188291,-0.8171566620738742,2.0331764651405657,-0.9946725362057807,-0.8002447234801103,-1.2726395444070693,-3.3771830094852793,1.1890983385289027,2.702905285282725,-1.7244487792707743,-0.9926032849658458,0.2374833761748152,-1.120104441204181,-2.0734156955246474,2.8445060429867044,2.4625551594906954,0.19763127410768305,2.0521011974194594,-2.466007590428499,0.344834378256068,2.0495131052745554,-0.5965195442034421,-2.9552794673973963,-0.21820070718314905,-1.1220361430281232,-0.08646320416715658,1.495598239225182,1376.800761949187
-2.3112375721135288,0.5773479445607907,-0.09328105903418449,-2.81655003294109,-0.7559387047436588,1.5114721422345898,0.7738549990043773,-1.4084297364888678,-0.3521557383334549,-4.4903392421981785,1.2978560616939219,2.0367501339106004,-2.457483020803392,0.37115326917352787,-0.3233357836365356,1.0458403127663995,-1.4484052659434101,-1.9597058321775673,1.6841161349791973,2.4889150282545804,-0.5804573793618596,-1.214721549127737,-1.2871309837482807,3.6278058456722735,-1.2976514955064005,1.3023941030696238,0.24939938962517383,-0.008263399195462595,-2.2430483817734705,0.8734341005355283,1377.7099632512354
-4.180071240021698,1.0716216794857822,1.0213066742404453,-3.7012271027946615,0.534270346658156,2.4015486493153935,0.7920297897593591,-1.7282843444464537,-2.9686168547168843,-4.076567885552894,0.2631194202299212,1.3218907945426932,-0.6733958055004189,-0.2733277804305757,-2.215151856935799,-0.11147130463085281,-0.809014509590342,-0.07708972762861122,0.7848616098576306,1.9109897601440657,2.8205582295771996,-1.5601969286852748,0.8837645400245271,3.2267299692795777,-0.4502159177200938,1.1893806099327358,-0.6141302397867522,-1.0343192914936628,-0.46066973938684863,2.6990606089328097,1381.1149428930864
-3.6399903719934374,3.4593189380277005,3.963824774794653,0.004423409193709427,-4.789250285889233,4.487398883083255,-2.758029474493073,0.626647521406841,-0.5474467691244319,2.07981263282546,0.221108905093245,3.0849099799203348,1.4958089587877836,0.5642733147268788,0.14021607471588182,1.0832593507127486,0.29554249479687233,-1.0509490695056125,0.2809236864610677,1.3589097088036532,0.7958677098454056,-2.7677004188548042,0.583602799156661,1.3427077945736137,-0.6831231884663362,-0.5540682415867952,1.3671890649983722,-0.7840500378766155,-2.157509155499177,-3.047064341038774,1383.1019716558549
-2.3654272168219705,-1.334114923167192,-0.5832056700014773,-3.294760922425478,0.657063442092096,2.7080845896519117,2.0766049845314805,-2.8492657190475983,-1.991966680719471,-4.456779778481627,-0.6815084577579051,0.9809839442252364,-2.4511727786020954,0.31225525470619503,-1.7334361212994467,-0.7289736820714305,-0.33199654334856515,2.924041617557176,0.787607520229035,1.4983563491143141,0.15859679892160683,1.390037839590334,1.7617935413909198,1.5262049488404923,-2.3829954931771686,-2.443107254209562,-0.839918635691951,-0.8597116380557493,-1.6513272992877523,-0.46933901576666714,1384.3115412951342
2.0930002721854684,1.3406276742808485,-1.1885185007326724,-3.473061389327525,1.3800017269062081,4.009467780802034,3.309455569422467,-4.83356178034306,-0.9111979090189639,-4.336163826244276,-1.6245527082881948,0.14493867771433017,-2.681018715979515,0.39499002426780044,-1.0978762842719256,0.4137235303287822,0.9665353064216952,1.263388715431986,2.566020837669587,1.1289459662449117,0.33136841403435646,-2.214360820837057,-0.3654256338943398,1.860808493915006,0.5054811377658688,-1.4493911861638922,0.24410974910820749,-1.5238249208888106,1.4427369961015999,-1.0658369074307084,1384.874458959264
-3.0659269370800857,0.007000614817094242,-0.23879944870952818,-4.722753950539827,-0.27345105194563,1.9379149774712183,0.39978456549975505,-1.3003761417840918,-1.4908677574640694,-3.504391185074881,0.18002252056268792,1.7390849883191095,-2.46338140262935,-0.4187199272520437,-2.3091152318534682,-0.7779006781294567,-1.534882944801001,2.5299616603198314,0.3512140101351972,-0.18391302841472923,1.8651231311756966,-2.087495134394743,1.9026064936939688,1.3140065401006533,-3.6449427691596976,-2.0472493485630285,0.1437465330963995,-0.023951626969370948,-0.253778740594386,0.4749330670440158,1389.0278951743549
0.3466136836567677,0.7350677728201432,-0.08329484731562997,0.9117171150837553,-1.0833352643849345,2.2281739779091123,1.7072271177522664,1.1771058398836685,0.9779123348585307,-2.775405707326491,-1.0231612745694212,-0.6410603866976131,-2.2105255451893164,4.389590016053898,-0.3809221702140761,-1.3972627147340813,0.3570271750280507,0.2826759559168305,-0.4840861222631639,0.37219502508314894,-2.8130305217119176,0.4839259012759038,1.3454017774001863,-0.9879058738761389,2.896578142009748,0.7348300811091126,2.9179783436789517,1.932281168199409,0.7917192771166732,0.9418322108036803,1390.7016444838196
-4.316158643664493,1.7466788241236773,4.290662708216491,-1.4349967291081414,-3.048526538536994,4.101607451862824,-3.4807047407802063,2.0655170782697834,2.5372382417999826,-3.307053254202932,0.4390083844588125,-0.08001352928640393,1.2564754535497054,-0.3941105407604143,-1.4159468454188595,2.5813662394137387,-0.21186626055626107,-3.7180144667404607,-1.7059049870013858,0.7926821156640882,-1.619671675140872,0.7200744455093564,-2.504266160655905,1.4100686450785067,-0.9176822592850749,-0.7032338039630452,1.2168812110043694,-1.3705114995192587,-0.3237140555150211,0.3670016217804437,1392.8997556407862
-3.7586269122127147,3.5524750651011123,1.5454406092118704,-1.5589794147686997,-4.090807286469815,-0.03274326167097863,4.542583261157196,0.7700079759953609,-0.5401596979150228,-5.049770653636347,1.3570363053612031,-1.744963938122199,0.9113653208940308,0.6927654553828605,-1.3701132814573216,-1.4874570278555883,2.2912299455650067,-0.8286652731363995,-2.0432706483385745,2.9129804357130706,2.157833575633296,-1.35854312539424,1.169326625084868,-0.7937463251197175,-0.29650438072413837,0.07249533544497666,-0.4178170345993688,0.978766882981248,-1.5558368919378367,1.582045993701776,1399.3711217981522
-3.5194878038543904,2.1288325782223194,-2.107748901779666,1.952168575865693,-3.273696281635406,0.5134229679259704,-0.05635012908754078,3.3007430872162367,2.1691554894462977,-0.3697612367789226,-1.4644776442308567,0.40720490533178477,0.44615939524507436,-0.12565907000651044,-1.011261754882192,-0.7383034523387842,2.9068927008954972,-3.5146067400869225,-2.372477513634637,2.0402004510757488,-1.1482743344597588,1.8106621819431197,1.799281051361362,1.537962905503008,-0.8558833079927246,0.2630492730547418,1.2618210568934694,-2.3082117378391045,-1.7882526893646489,-0.8159120308667279,1400.7588303938976
-3.6547831806153237,-0.6379263552309203,1.4873909847813889,-3.819858973734561,0.33763037317358313,3.215491201172802,1.2227939207525824,-3.3730220155181314,-2.615662209092822,-4.090577048847491,1.6027237215227519,0.6395814811385441,-1.6979041362159195,-0.3127758361250569,-1.2228182486920767,0.20020960299652277,-0.38580019214749267,-0.42755812932559034,0.3519178593094455,3.769386544057381,0.07365700594176872,-1.4895672985901478,0.4004181134347551,1.9857003100754078,-0.8326908193716327,2.496378687022262,-0.5462893882548298,-1.1916620670402636,-2.3159533365000287,0.6518703212431911,1402.314285486062
-1.1003970095422428,2.258223836351714,0.6257874621991318,-4.065674380667363,0.05470796977514819,1.4632304233259994,0.8966449097117618,-2.338444750552392,-2.075008540989074,-2.8455867919965456,-0.2204689217593203,-1.8141077749974277,-2.8335403066303133,-0.4890065226129486,-1.7166758676687326,-1.3002982439814004,-0.24910664969099933,1.7798391468566583,1.7053121261673598,1.104041985106503,1.589349742782207,-1.5471622017200486,0.35105758082669103,3.063598731634207,-0.5654455059482705,-2.4951906162212616,-2.642169690730499,-1.1745728833908666,-1.3398549859364182,0.3755671955976624,1404.4567425820333
-2.1830035462890707,4.4130268370058,0.3687194250928888,1.0809146052774694,-1.8952188015430098,-2.4124295213640985,1.9068800232128567,0.815324664972852,2.1363662906401992,-2.1613738732111494,-0.08222812920392253,-0.1625159077669056,0.9571217187440617,0.6659786315030576,-2.8273633480623475,0.47579343333849816,0.902204305658632,-1.344591539497855,-2.049929074548592,1.147637446593128,-1.8087997283396842,-0.22495228251232985,3.115823873258895,1.711797930728158,0.8131983344862806,2.126531362842687,2.7458879569232852,1.3485449628547646,-2.0858931479958818,-0.6448745814454533,1405.5402547818164
-3.767686902668962,4.1497413371267715,2.08144773888018,-1.7767726668393897,-2.7539212535899575,4.42047628633337,-1.814604155945731,0.8966757525518432,0.6972280689276604,-2.005291711524206,0.7775345481384757,0.7312865216669243,-1.7036906819637425,-1.7089404449120003,-3.8061898878399347,0.40665786669971826,-0.18120217216714163,-1.111823973555253,-0.6215055148077461,1.6262110907631273,1.0007369545741822,-0.14944148059577234,2.776391811682955,-0.045299151742067,-1.88538297504274,1.1476187296764704,0.5984294933744883,-1.0240109506271908,-3.4368373776037737,0.3745208893063656,1405.9276712799085
-2.490351015755612,2.948738373592647,1.2064366505729582,2.675649939185294,1.801031392395525,-0.8683343031655667,0.269673640655535,-0.8659977544897655,0.26248569101416597,-0.8296975287297916,0.30080740593496647,0.9825786357034849,-0.5887114970433778,-0.5240916978384532,-1.7132573695775268,0.31556100720797076,0.11583476806213855,-1.4622269988043326,-0.277374085607472,-1.2878758320763546,-0.7255398833638638,-1.1268444868600647,2.6200324398003834,1.0663322119720955,0.6424034428073432,-1.2406765255804164,4.843935309142603,-1.0174510043517109,-1.4067328335224674,-2.486563962661292,1411.1389670477765
-2.8880059126101236,-4.4093975769077405,2.6358404118682186,-2.7724409617588144,-2.1861000889744178,3.0742347277903668,-2.372954047080019,1.5255457626531768,-0.05704090342263976,-0.928836640883147,0.21765301755878974,-0.08382324033541746,-0.08402524375723353,0.162184903268459,-0.253298791855034,0.38474690449408894,1.3784115624548292,-1.1759912413483233,-0.4562226979072401,1.0192881640007885,1.3162458220479427,-1.2998039288020222,-4.822823535442883,-0.5929891425072373,0.4822514626872323,1.9924352293860927,-0.1449042570010084,-2.7893027171536064,-2.0968977659841284,0.5192375920200258,1412.4347334600777
-2.692674195397735,-0.12021941174986495,0.48205495802329823,-3.4385004372942105,0.3846654861908294,2.5732072082788955,1.567173512859221,-3.1842213289101355,-2.5421046124422166,-5.11034866214489,0.6210601407714947,2.591481619059672,-2.39893307440298,-0.2890901078974254,-1.2818048012010042,-1.19311962716436,-0.4188119896964757,-0.4688596682868961,1.1952782324377216,-0.11641171620425217,0.0014393061460949985,0.8059420797669885,-1.0615158210751316,3.38588490772637,-1.681896951504222,-0.598027543445472,-0.42663765201494497,0.26398877846162466,0.12035177262015134,2.9224668368999223,1414.830244544196
-4.249401214071049,0.786311054682376,2.2838034786242085,-2.6535865940306,-2.62058672575836,3.981082154036376,-4.938249234985378,2.2889613848700847,1.4134253663388472,-2.254865640307758,1.4556238898991527,2.7663756760327707,-2.2271569191810814,0.6274628482798077,-2.2388837636066086,1.044528460122349,0.27665760839436,-0.4687611142285608,-0.5044696113790941,1.8857728619267449,-0.055967352994091946,-2.7436978153191744,0.13696004244358223,-0.8508511584105065,-2.00968477282938,-0.24954226173973443,2.0421337251385845,0.588989328779224,-2.434521370562697,0.31266925994634265,1416.177911837824
-4.658416297841924,-0.30539348658466026,2.311991150834673,-4.769503218284554,-0.7655857348738434,2.4864729729282002,1.0968533586083624,-1.5483920721945283,-2.96008262563715,-4.19519401422704,-0.2310859326033351,2.248074178036294,-2.22570291766793,1.9822886670062883,-1.470290176640409,-1.4129818634248148,0.014281704269616002,-0.825319801030534,1.668588810714528,2.751778729950547,0.6538247885654985,-1.914974978080763,-0.4398651632371109,2.182493099589597,-0.24046309054646442,-0.5093696671580367,-1.583083016274435,0.15625741144857766,2.6962049749801067,0.5526228418517896,1417.9656784360625
-4.871380322724753,0.7209352717408501,1.973884094669364,-1.9976768738410122,-3.220155507785993,3.879964604870652,-2.588112943827608,1.0489614962758806,1.0851781904664513,3.7470009456614686,1.239238255377224,1.334717073763724,-1.704238889794149,0.03128671233517211,0.622271374436093,-0.3151936253559864,-0.964421007773122,-0.7250269682524773,0.1674625735008453,0.5151157952906017,-1.4623479422501446,-0.992254531530042,1.1161778135284133,0.18039424589769282,-2.7132771507190805,1.030923836808464,3.507701401222733,-0.39787971707969993,-2.9289207055043547,-0.6401373696213399,1421.231130921636
-4.375136491092295,2.4218988471274656,2.067141843412903,0.24066104199149507,-4.686422218420678,1.233701337317961,-4.882191006626494,2.0714716860991698,0.7947905328928087,-1.8308373464031948,1.9189075348715559,1.6655916113385096,-2.558681817448435,2.2763764075888413,0.11562473499934511,2.7033258557149633,2.6604612141779462,-0.9196889393482177,-0.5788148132657955,-0.40600903091137375,0.475233321027922,-0.031084703757588872,1.3534557276029828,-1.4261962082024788,0.8608302928825997,1.9458788283934352,-0.6896682343429966,-2.0128611538227443,-2.5099815409814874,0.41134450396478045,1423.794861060593
-4.9486989621385815,0.13350168818428942,2.70486059092231,-0.8292054794490838,-2.716176361493956,3.1511518766501645,-0.9169056559223114,-0.6582784666900208,3.3310879535909605,0.8282232323661627,1.3167626417954565,2.8144156551620854,2.1369088901014286,2.8251592642701535,0.4161500402073367,1.7949018096350375,-0.29949352040995214,-0.031729902109845165,1.153525946567935,0.05073820789998762,2.6198299077213516,0.28814433424410585,1.19862570958409,-0.0016348699296198088,-3.1990439785797227,0.3154235374917188,0.6122026425275833,-1.8836607602662907,-1.1260319525057603,-2.661524491768783,1424.2049081670048
-3.1275132713888043,3.666212535020154,-0.42343689774943605,2.3000620599901254,-3.1033404133883065,0.9143427329683749,1.1913324679225519,2.7563319367580315,-0.43718117614468266,1.4389211691367836,0.06852494490705352,-0.07657979829611938,0.03325835386413967,3.131157456720359,0.6230539687477006,-2.8496954659470743,4.2495819923534235,0.08011415778734787,0.15596420891770757,1.4903404980744237,0.48804045733750023,-1.3932022923226266,3.630667902527904,-0.35600764034691357,0.17767228478656427,-0.2810834735953679,-0.9067853887411276,1.202410964597003,-2.466345880807517,-0.17526301161854207,1426.6002674695742
-4.7419664985449925,-0.9623312297964268,2.7251676262925626,-1.6391043358474697,-3.8202185866089735,4.032997008089659,-2.9677885116655527,3.1588520932184005,0.6046541619471446,0.0626360452581719,1.888600087678926,0.9688340462437002,-0.23377182439662336,3.513790074932145,0.25957731198014766,1.3654454065002097,1.2027391088410728,0.13799539678472822,1.2632291835244602,2.3160367030769415,-3.915796330213319,-1.7757480286839953,0.679453846494442,-2.4541518436738325,0.1779184261824983,-0.26804383163830986,0.8385231454857492,-1.5021780892037708,-0.40562325063412913,0.14858003015684967,1426.9776096572118
-3.8374601061965237,0.5862992467290318,3.9838825520154595,0.3202900955437512,-3.2705387835513724,5.115217469349332,-2.108317872922319,2.299008898715131,1.1415027073120585,-1.1646887212189765,1.1963332416243537,0.9723591517683456,-0.8923211475942479,-0.9780069773120715,-1.7812775962752307,1.112962155288927,2.077862657473166,-0.342177757312813,0.9250448880659267,1.5441199537407202,-0.417394019743312,-2.016474636509688,0.03325901600478143,-1.3648375654802685,1.0013050568828883,0.26881549859732146,1.3617307439049033,-1.5542358528095992,-3.8963729613647793,-1.6819881725993369,1437.9354143177407
-2.5606192276553794,2.5923134132345877,-2.4572508639265473,2.2082585364700003,-0.6962194341857525,-0.5791061182055413,0.5448720984804889,1.5521701263346368,0.5084614863985502,-0.41104414133423756,1.8612528684679701,-1.9751541833235327,-1.2049365899303726,3.0178859356010963,-0.7098558998485689,0.833215490954218,1.532824160298865,1.969892555873492,-2.2037785859880623,0.40054706337850715,0.3371665450616346,0.06199279871491514,1.45615600983521,-0.027754780207530416,2.696868182325296,-0.7777712285571747,3.312313691237285,0.8285543523612107,-3.3828977104145026,0.12822342043613832,1439.30071911507
-3.5549385336023924,4.0411384377561035,0.7974769493237975,3.98807747321661,-3.3327578830691045,0.23697622998246648,4.662241373161222,0.3540075362984626,-0.18804555800749845,-3.7543244058116936,0.8619026569966665,-0.9517015287716388,1.4961573731073163,1.160201686197655,-0.8733311337123557,-1.8307063654466553,2.6696963789774024,0.7208629052442641,-2.0883192339108825,2.7546799799771398,2.4690446797889964,-1.94143528013651,1.7078735494966706,0.05691413803685941,1.3821414407617958,-1.4299877349676386,-1.4148391503567648,0.018238621877724404,-0.6183622169311735,1.1147046019712532,1439.7721073313437
-3.534885389608741,0.5971679015032793,1.3597369848109557,-2.9746290729887352,0.6585737223893404,1.7015667425912646,1.8470187489166436,-2.4364668123762026,-2.065531249601894,-3.716165957479859,-0.0737152824323068,0.8526430559040894,-2.056958441722582,0.0999640222119253,-1.9572143453968245,0.6951943437281387,-1.0773317329434893,0.6589376317674598,0.40313593654980495,3.4655299886606667,1.1189850041840308,-0.7730876240063037,-0.01569921372189969,4.649493653438459,-1.2738522755398471,1.3996806890587867,-0.012932674115660875,-0.19116644238472597,-0.8575986573407465,1.265098369829564,1441.661551372177
-1.533649834298962,1.4337538799374498,-1.3978693268478066,2.168181293860095,-2.4823622155562775,1.3189365162445759,2.0353222847317585,1.9338239336512268,0.0033383193439159298,-0.11542274276351416,1.7137860057597558,-0.48838212875230247,-3.183996935665686,1.724954563080662,-2.704936654989063,-0.2671931953901684,-1.3865678904867214,1.4686921112248874,-1.166039235186119,-0.11243841939351817,-1.2867580315431035,1.0844000321256586,3.2503604228555307,0.379218477590084,-1.4095645061804942,1.198517481425701,-1.1622359593080942,0.738965822907164,-3.8991129856258833,-0.4836807468704422,1442.3061351940262
-4.875870377246709,-0.413276905704979,1.1381147208168327,-5.118271563344068,0.7303102882656727,2.563961115729809,1.6247671189056891,-2.697016442220595,-2.754007196293878,-3.791093655064693,0.3372750297502058,1.1320208000767609,-0.4362247849628823,-0.5333506060376384,-1.120493622642536,0.9751495645194053,-0.7412031061462587,0.8527399738834822,0.9426518705534092,3.091684032598951,0.5837180133710629,-1.9532163208774376,-0.4313574710904463,4.165002461432092,-1.0626568051578422,0.9406210482586641,-1.0158121187826765,0.26315521781483897,0.2995331414312383,1.7922244717534697,1442.8666254190234
-2.8914139395747673,1.035784433810096,1.1132601539174185,-4.419390415765646,-2.2971496858537446,3.5854012393685175,2.6320511421886668,0.5221958158981459,0.1251138125143323,-3.5894722565291204,-0.7594808918600574,1.9432519151275576,-0.5138586737254591,0.10498463445724354,-2.564479968132429,1.1745712356485873,1.5676237618008002,-0.3232215253514675,-1.58042068795279,4.346261910430399,-1.1609319023054123,-2.073707260954156,-0.04470932374835213,1.1054035275865046,-1.1705430360568891,-1.3195581525998021,0.7010082207329456,1.2905841001392993,-1.6588857081312929,1.3283576127964505,1444.8585725409143
-3.2975752835971717,1.0143208799627148,0.2359966985973907,-4.658388282130696,-0.8114134336783974,3.687520999010964,0.5058098983613242,0.37013385045106345,-1.1105110664967575,-3.477942472437966,0.4726175176329158,-0.7948317861904697,-2.5608810067272203,0.2976017450065034,-3.47691585675926,-1.5442995636561472,2.686464537482355,1.0833619169893591,1.1006567029597218,2.38780181441437,0.3673117914575019,-0.5864237778935498,0.67009932776427,2.329295023589058,-3.0080346239619837,-0.19898955150198366,-0.4648922387682954,-0.4855058461761147,-1.2809783836300817,1.737986329690055,1445.4356626250533
-2.1623257954913018,0.34493133758399597,-0.7088886997054966,4.515853426799406,-4.106233516486821,-0.5331139336202679,0.6205839280516261,-3.679991220134081,2.334501224533416,-1.9191572059683455,3.2411124802777875,-1.5012345853209894,-1.7501974229011927,0.19728063211937563,-0.7784587124318834,-1.0388369735872443,2.0415985490489996,-0.4380522050169606,0.6993632077237897,1.0646246651411682,1.106534930092956,-0.8994586780393407,2.267459333331286,2.0773511121759105,0.4173738089692697,0.5270327455554655,1.837019959648073,0.11605040942866629,-0.03382299942600042,3.622343923047669,1448.5895234077168
-2.0455592414165578,-0.7526931251784543,2.5012002507545423,-5.117425792282974,-0.18691290580162853,1.850762414658124,-0.3290693563373279,-0.4098882467647789,-1.9763724369869697,-4.2354639220928165,0.8046121020837135,1.5143423329150478,4.409105302062659,-0.6539581446113056,-1.0507121011515643,-2.7046633637853126,0.4254859934388,1.5697410975185506,2.1254311423238903,1.3422858265326467,0.603127980058351,-1.7261314490697424,-0.3875267483998431,1.134393516076062,-1.4695078282580476,-1.686626086006175,-0.09304384024073312,-0.9094526140827583,-0.5335346796509335,2.722480368865762,1451.9437928000107
-3.73241803254725,1.8875170103505416,-1.6670958381243723,3.708652639788111,-2.693566358022511,2.8494577464637745,1.4856596294933804,0.1879279040717976,0.42077842722852443,-4.900846611880118,0.7089147982608104,1.5390465452220745,-1.6907148245598864,-0.015621998897403566,-1.4590540087887403,1.0511735694834896,1.592533383447463,-0.5597391888363304,1.8001022398130473,2.72372001376129,0.323775835031899,-1.3148952978226018,1.1887726312098588,-2.623658014804404,1.9577430499700428,0.6126673471372248,-2.6901615498022156,-0.3631437082251002,-1.8902279245908074,-0.10794986159307668,1452.9171729150453
-0.9967272313763842,2.0687060974793994,1.1015758171103465,2.373045087091792,-1.0341999819673884,-0.07208883721676512,1.97561905565428,1.7650970105240533,2.5743687027233433,0.47162196441386867,2.0091072910783434,-1.451212939238141,-2.819007850617285,1.040431521557747,-0.7326692380497501,-2.71859641116787,2.0393924879341037,-1.6276357861265605,-2.0122330373904433,0.7793567433195953,-4.108081518432001,0.7842051810121056,2.8625552601792985,1.500464290580764,0.1411749696401982,-1.2886585586604506,1.1667699661067652,0.8222394229283578,-1.460879945458983,-0.4141565333097177,1453.9581780091255
-1.8345516710626746,-0.044405377254017164,-1.9402740639086233,-4.243597140378249,-0.6008927110244454,3.247182022847152,1.7364996270094677,-3.2182279606264452,-0.05771916198839677,-2.5620918939743156,0.33901014795900003,-1.5770547149191043,-1.0151670426446557,0.5328223434486103,-0.5410933591834236,-0.9917388248807828,0.8326294838839444,4.162683637912024,-0.3911140693630577,-0.8248802336273271,1.5424350413185721,-1.9736936830169851,0.3538562444067588,4.485010160338379,-0.28073233672514,-0.7598296206328184,1.1112058612865945,-1.2051663984780985,-0.4267291349055753,0.5223230025146978,1455.9793821932278
-3.728642132759148,2.12570678797612,0.34211685848377227,-3.023988652671352,-1.787834945956395,2.8661914268672977,0.8941654830354623,-0.6514405964629878,-4.665807030361584,-3.7537451679795963,2.129117430605292,2.108335402645968,-3.2299140418304795,-0.628638363587395,-2.0981508433962968,-1.6532093475953857,-0.2914506078210737,3.050678610764046,1.681684615952268,0.5776199270920988,0.11867199641673401,-1.6090197766212613,0.009494852202093451,1.8692531976560232,-1.3107013827859917,-2.1328926431846016,-0.22648651954864057,-0.6613519570004098,-1.163107986123386,1.2473806491195898,1456.3422271195977
-2.4420483288919077,-0.6216988919700466,2.539425311462912,-3.909510515904426,1.162712577629616,4.008272898512324,1.9805463277306354,-1.0084737496757268,-1.2137731080340313,3.995328773549468,1.3838997302428684,3.3499300453207685,-2.3610530024471093,0.2510524596225744,-2.698758618019765,-0.492525536231656,0.6174784503154972,1.6607616756151895,1.0948782527794938,0.8928561098359301,0.06018624688761631,-2.9049565023196093,0.11299893633596625,1.9395277755114675,-2.5633132448346796,-0.19252287585426076,-1.1211155902576515,-0.7963711940451373,-1.7901567311494246,1.0783641492013416,1456.9674324283064
-2.747260657512951,1.6793645498720995,0.7555127213834347,1.0660089395383943,-3.1910395507222784,-0.9026581962727838,1.1264434012053355,0.178017406857419,2.73083330232938,-4.702403628883444,3.920196617941207,-2.365845308145055,-1.5660668327408414,1.3862122330378979,-2.2868159679776268,-1.1902911399671923,2.439696579196214,-0.3500140220738852,-1.6481687092415305,1.9866099653519318,-0.9851469054373664,-0.1652090172616597,2.9639380399666018,1.3120791757066077,-0.3825005038329375,-0.10487730296054731,-2.318931594879607,0.600658215404688,-0.8292707003049562,0.6205173788245484,1457.7573811648183
-3.941242249559783,-1.2851506266006831,1.1967393132446924,-4.665307753607325,-2.2203312993588193,2.0268848505832837,1.5456236585510563,-1.9020924477768797,-1.3733939193017393,-3.2454098601580292,0.7352638691062202,2.724446636284613,-3.2876864680315987,1.3675877209068825,-2.2396818245858046,-0.4996873442999379,2.304428628961687,0.33262012818909786,-0.5220329524008924,1.6111445681689651,0.18522982470981103,-0.6288109570621367,2.0674938800642737,1.8453509383275728,0.01549589371647031,-1.4271262633134882,-0.9338260393212128,1.684834465221475,-2.947612741470394,1.2122031256764427,1459.274547989397
-3.278903953228549,1.3994147163449022,-0.7362875317441093,-3.634064907363454,-0.7298763412639868,1.030113829198453,0.027947157991966787,-0.8406909619935523,-1.9535283973024422,-3.80713391677439,2.0219809237524307,3.6534459719903642,-2.782429941202216,-1.940597682931364,0.7172948269273762,-1.281545873138553,-0.415545970281087,1.9415111952079227,1.229027714363108,-0.18152410612947512,2.2104013764881953,-3.196558518776744,0.9846999666567858,2.7346764799594627,-1.5700366056780444,-1.909766179614311,0.6355827690131468,0.02007688950277675,-0.4893204049589168,-0.4813452664006071,1466.2005003692761
-4.054601656230503,4.085164545297501,4.144445597235569,0.9788170704517793,-5.064246272057861,2.6195695359977726,-2.691691735221724,1.7227781007008365,1.3482016815186753,-1.6038123502949062,0.5401875000179404,-0.19803310546215525,0.007896735192088666,0.244498878434537,0.8803170854781128,-0.7559294278169003,0.6484141742882203,-0.7340449034391232,-0.8826312414315345,1.153350630157972,-1.1007137451200864,0.3355519374038489,1.762301072657865,1.5142730237213713,0.3472601046501269,-0.19336660175983936,3.409808037088829,-3.6266402692084263,-1.7195372488336667,1.513354604629593,1469.682600951049
-2.5918728676462073,0.7469372198427978,2.597684696590917,-4.944686294454204,-2.8881981692419605,3.1224127581595944,2.8371013800984697,0.8083353524952028,-0.23807687142036293,-3.3929598084233623,-0.0186707863575227,1.6951543689067134,0.00039041871837813824,-0.13623364520325443,-2.252526307675836,-0.5638316889990682,0.8020110634752532,-0.6866351177758372,-0.6475928189717656,3.8035687330692043,-0.603950099392753,-1.8808165027355859,0.8092313008694548,1.8691255339003812,-2.582402813173378,0.2190323743078489,0.14720600059492628,1.0135416065910043,-2.9750554114072116,-0.26644466876520834,1476.474995928118
-3.0981386752859064,-0.6144960630634824,2.713414845038641,-3.8120309573331026,0.03288086781204699,3.984857800253082,2.0329823608385897,-2.6672011236465782,-2.7510561107095475,-3.483457250619792,0.2625911725686072,2.051742076883941,-3.019101558775867,0.632285040597619,-1.787710440405574,0.2963455092998287,0.2893633257987961,-1.2787662790880787,1.0430806648919004,-5.10399023692504,1.2955725981982886,0.07857625208934627,0.39534228191819065,1.5359950805000926,-1.313678583900892,-0.42821988865619953,0.18635325400353375,1.075603296400797,1.1882668591132421,0.19804691876395714,1477.3732941061264
-4.301721417821227,1.8313421953735867,0.7643821441029944,-3.3056601514342647,-0.8722130663323782,2.583899554358172,0.7524287045933855,-0.033820485581213644,-0.9115336132787146,-3.8644436356738225,1.9705313637451027,0.7329970500057309,-1.469935324077652,-1.4003272446140316,-2.202502894148632,-0.954186349914553,0.8178796495169065,3.551442892004037,1.11835191683082,0.1399434920594067,1.3737001227411225,-2.70113417938006,0.14145050196001996,0.9876049139152903,-0.9498472649789861,-3.146497641891947,-1.0890640093358583,1.8996362432841072,-0.6202794498751512,1.8420644567802467,1479.916221190546
-3.9686866627374484,2.291965413687527,1.4989677238963002,-4.004983578689617,-0.7819117038143713,1.9329661446275133,1.2813844538831218,-1.3079752337909953,-2.455192674032211,-4.664205546569747,1.1951915252376395,1.1994176124510783,-2.2302510920404255,-0.8939892421363184,0.11524841092499782,-0.8515182889190613,-0.8572533121284274,3.047812075751085,-0.4483682842501471,1.1671226255567058,2.4174938378861546,0.4245432749072907,1.244681896051917,1.561530514878946,-1.6748336912276705,3.1931844720452993,0.3409228600265339,0.9137035551798778,-2.2365129300183817,0.2752880100339322,1480.928904848558
-4.250242241069507,2.2631676378889742,3.387486104087745,-2.1628288002069964,-2.10618971453809,2.113356173928582,-2.348421803252197,1.7071340739535406,0.018400190563513164,-0.0242631184679436,0.3725914391050063,-0.033287899964340756,-0.1342919234241372,0.8487592967815718,-0.2246951843384674,-0.3942705044640594,0.8631765919173631,-1.1531501892561686,-0.28298358923247635,1.0154708232038696,1.1704696015355451,-1.6452856405998986,-4.268874592933717,-0.4273035675544087,-0.09882004969066172,1.8684622065488516,-0.05794293445054688,-2.819856692381589,-3.6240726745300997,0.5709112624917145,1482.4551698718687
-4.468982389147391,1.158407816359938,1.9006915708156709,-2.781800396250909,-4.0665569697630435,4.904305740305269,-0.7853028375412268,1.4588916932918106,0.5542841875449438,0.18683106252075976,0.32663900688379877,1.8786516124940789,0.15266496174741562,0.9654717612608803,-2.8226635904187614,1.541678288943573,1.9671622811153355,0.9850360886969565,-1.2335763287245864,3.389472726897579,1.334133447669907,-0.6880684606283792,0.6063115538088564,0.0529035550484418,1.5523513016027641,1.4373426216162883,3.8719847313294657,-0.23915921436256937,-1.1267869419192893,0.5873249119514128,1496.091600921402
-1.92679971348606,0.7987107554827603,0.5720565696574066,-3.258828767735864,-1.15156436960325,1.7578486474236714,0.4475368830611006,-1.2012407595660357,-1.1018955126104581,-4.89971343247552,1.6189902898764805,-0.05493900095398668,-1.9329976065184853,-1.3072118447742374,-0.5467028552542117,-1.7380267998910877,-0.9010346084519183,2.3042377056939336,1.843343293504849,-0.6142642212656008,0.7508340761207294,-4.037504906956337,0.5150548521378095,2.2333324800550725,-2.19281683209074,-2.412893819721815,-1.2003241697427052,0.3120257365129742,-0.3295830901921928,-0.6285388414524601,1497.7192268910542
-3.336996151254641,4.189046329964785,-0.6988296399652295,1.4958929941989365,-2.617315847266187,-0.46881093281029684,2.9799961891575784,-0.806539326224212,-0.660675112628489,-1.5360376886371743,-0.2836375597066656,-1.5972397458648477,1.2644613160174027,0.8616302022174573,-0.4771461291140664,-1.5694095886104533,3.023990808076115,1.152404693284619,-1.1403211771082555,0.20468111623129936,-1.7653573079484923,0.4024538539247059,1.5654267738800587,-0.9116360341919196,3.00122437677935,-2.176926450580489,2.5500166460050524,2.9422140345737264,-1.7168973989525538,0.3263669754840874,1497.866067778063
-4.747127265319131,1.560062212699468,0.8435843054192507,-4.424805716397058,-1.052058529538439,3.2310986007321434,0.7540399398925027,-0.6347551769542403,-1.3438750479778436,-2.7556293813041814,0.361085776182509,-0.6025102696582108,-1.6513600912396813,-1.1938762558659266,-1.3515899703774656,-0.018211646532900305,-1.537378261621281,5.111474679000601,2.8617379826080267,0.3808646665746371,-0.7753774533126697,-0.8955276362942126,0.8840210385710449,1.0853537198374847,-1.1651556106846244,-2.8222610274566473,1.2868072479786068,0.6462614466825418,-1.8119759776443816,-0.09234629718119275,1502.4165726918152
-2.4762812800183984,1.8539561516438348,0.6883605575935423,2.2233328106312733,-3.6831649325012537,2.579568669721482,4.403804092675994,2.2465522006375633,0.8223014533197732,-1.1912361464302053,2.672649500831932,0.6717151268643662,0.11946966679822468,0.3112168297395992,-3.8247122032010337,0.8946413762228371,-0.9446204628467898,-0.6560285695808351,-3.3418960587609563,4.047686897023256,0.1458812676841919,-0.13148588209429823,0.803649564148549,-0.9251827557590095,0.13536908235186873,-0.9507627608399626,0.9550437642999022,-1.1876970052606757,-2.3390532833372726,0.1473497253847962,1502.5366543100486
-4.420912640120608,-0.1816628000891023,1.5806061626772814,-3.4058752784000594,-0.9418922408937822,2.100761327932754,0.26558382045612916,-1.0551429076977215,-2.5933703256930727,-4.19492458967019,0.8937008404331308,-0.08387856836268326,-3.922687280241459,-1.6003605696863765,-2.7210422055404475,-0.43036765455941306,-0.31628301900571504,0.33275835476159066,1.2755987966021511,1.0629574238684385,2.3593181362105398,-1.3513726226588836,0.25959013596651925,3.845641721905208,-1.5779864975467925,2.268101986178027,-0.32380804215338205,0.5301623458679345,-0.01776946121449474,0.7617944868736337,1503.998055477399
-4.196381627404757,1.7080982594718086,-0.2955022509462786,-4.480604924576007,-1.2024194689711616,4.359451803665238,1.2331892613819864,-1.736921204582993,-1.1975375477472396,-2.201002887316172,-0.3365080420768326,0.20138740471997152,-3.2820945318977337,-1.0070031771013714,0.8125408791212241,0.6363575463207644,-3.7110253914291262,1.5199751765524274,1.1304132456291336,1.0069840763829263,1.0666466636540979,-1.0436089982899976,-1.202172341697496,2.535682302698166,0.6049417167496726,-1.307085306334564,-0.5032852203734738,-2.193782988824119,2.989229347873324,0.28541925385029165,1506.1550934022318
-2.943662408756656,0.5887912129457817,0.3162493550049619,-4.394617897922853,-0.3996472159511353,2.66303743861709,2.381877129343327,-3.499739907553059,-1.787183464910265,-3.0621288664460247,-1.1584040955385118,-0.4504056616868134,-2.5501474171435223,-0.9169506735138774,1.2739599246631603,0.9271109655011966,1.3956257809211172,3.6637867615025663,2.362784355120477,1.7930003434212816,1.162040484194466,-2.3490190949355054,-0.43363005019718326,2.6127575479116447,-1.2839109658072296,-1.0944782748551967,-1.0353501689506066,-0.2810320844321918,-1.8128155827669064,-0.28894044981561684,1506.4055871152245
-4.708927251623151,1.0049529009096085,3.779046621854005,-0.9546999419969002,-3.934766738434211,4.799045018014665,-2.8978813581804177,1.1872522424015965,1.31398503875246,-1.7968331221576335,0.813438394451485,0.5898163455190211,-0.4244328476379534,-0.4075800751511246,-2.1841285742763796,1.7162589761890563,2.4765462161487592,-1.9224739725901814,0.6345586862659712,3.012561687618363,0.6155489429270455,-0.9994935967649943,1.148663462572108,-0.6381971330890979,-0.67400544326026,-0.3112413053328007,1.9084757407664863,-1.8961017193468346,-3.1021963550114533,-1.2510759544786516,1507.9050518768895
-2.806976514105574,0.401067887947117,-0.5057129707677578,-3.6221900452895537,-1.6440905809999486,2.1936555080913096,1.1183503015473786,-0.03570462849123768,-2.668678538329454,-3.983269545460058,1.191018647462727,1.2789702177472857,-1.3292659408022482,-1.0828734317314832,3.0676405063892984,-1.0896630388673747,-0.49127800474796474,1.7942637997740345,0.6888279728441252,-0.4144714714119404,-0.04907905681294155,-2.2752613279166125,1.099072945154999,3.8073870985729643,-0.7701189074886303,-3.351156328295694,0.6395591783068834,0.45355984275956396,-0.9183486382058944,0.9268258938166597,1508.1176379847743
-1.4229535213072846,0.12848142453526856,-0.1580981584603538,-4.211681415685169,0.2223056654161104,3.6173551071636765,0.1476230717572432,-3.4601836551695015,-0.7024145477479251,-3.094072243484333,1.5834027282889762,-2.4088738284222413,-1.1676744885191634,0.724051001890633,4.648629712779604,0.7324591688616617,1.0204112950269333,2.016619975321056,1.304197263441492,0.8183581545772044,1.2841100451700278,-1.6206559348032221,-0.31128980573165166,2.7401786511470863,0.33572722073714434,2.6012199106232927,-0.21759263901335957,-0.9655465106986573,-0.8126411144032218,-1.542030313543883,1511.0313885475828
-3.2335002659974053,-0.03358692976772992,1.2714273036823074,-4.331628437801149,1.050617860538352,4.2732861943822265,2.123440498518606,-4.710235218639813,-3.560556906976717,-3.580758226913398,0.22146022868106344,1.6226449630565372,-4.132067730254946,-0.11352614494572627,-2.0028038659062313,1.1062693322523138,-0.4890318793467254,-1.8103396648953958,1.7952148726477106,2.120172989273667,-0.24938656691600702,-0.9623100569392021,-0.5702722605498637,1.5344690701111081,-0.8554844696031783,-2.216288636735013,0.3717287101718194,-0.24167725700478476,1.5775415127357735,0.12304714321153432,1514.701334380389
-3.4597941506783174,0.9429407051787035,0.7949605760842149,-5.105950790494404,0.053739962576717454,1.1390064447542945,0.6548042819493948,-0.9387715011118511,-1.7736636913238426,-3.2973089471216177,-0.8133170046126748,0.4298554608436471,-1.5778531579249677,-0.1724097299582057,-1.8589586073963908,-0.27147008422590174,-0.8318442884073312,2.140716272152006,0.06258627260372807,0.2612722110018342,0.9243879966896094,-2.8617597417006655,-1.4379685708555434,2.223874612293169,-1.109820412620842,-4.013599767638681,-1.0266906493545873,2.1310346152050688,-1.6526409073614026,0.0756713246061458,1514.7845587342056
-3.003227980304554,-1.4710893970679655,1.9181381573902587,-3.720280785918575,-1.5778194589841399,3.118215566257638,2.4597529797487954,-0.26648951067993476,-0.6330733317795254,-4.674551612513216,0.49927114203245326,2.5090572186240045,-3.4747383074997584,0.8615014799578111,-2.808584187738545,-0.7281806275158045,-0.2713165151823849,0.5025163301890168,-0.7385346803363585,0.8144965887334334,0.8757572303033619,-0.06442664525904973,2.2209050687329177,3.0734345402270384,0.09733398253985243,0.2822571472961903,-0.20915264623461272,1.876253128553359,-2.6586806364121944,1.1099279814445613,1517.7999379880782
-2.6233719797268638,-2.43661412972641,1.8638425670883574,-3.0032903160339455,-2.28406751217073,-4.945505756170067,-0.8912927964313677,-0.9643815045651054,0.5168051729052743,-0.26876190829612323,-1.814206073282321,0.000917182920996712,2.334201946194832,0.07220502616026758,-0.6201609302102478,0.7127006404089129,1.7463229093376704,-0.923588026266289,-1.7798543106183418,0.9260492613006099,1.3417492839429455,-0.3718120219192862,-3.717719407046443,-0.751384427719061,0.492282831180521,-2.936335359554151,0.13630724147130857,-3.1721513158030477,-1.3378399126723912,1.4371475328866978,1518.402826493582
-2.337394196363445,-2.2017376007810636,1.2924944276969232,-1.3917522862426928,-3.0560545452601464,-3.466841136958541,-2.1789012034521655,1.658112158383472,0.8679711309300616,0.3071949555330227,-2.9540095519037535,-2.3951616284533253,1.1615269142869635,0.02641295039562693,-0.6452563120775079,-1.5494365184144283,1.0100780430545748,-1.4357751882572773,-0.5454914466753432,-3.0093477836847002,-0.2502015957831616,0.969424322680905,-2.8715703612916075,-2.4840013575337605,1.331133188673462,-3.524011276773545,0.6361219688799448,-0.7673290256221108,-0.7893309723980533,-1.5321472945661054,1520.7641663350314
-3.214675984733593,2.064340198097686,0.36820840247283915,-2.927694501831523,-1.0317367756044644,3.185710580130976,1.563729335859283,-1.8319817711443434,-1.1932564902482596,-3.8452760682506413,0.26770871600830776,-1.3516522644043614,-2.3961782183834517,-1.726646905967358,-0.35568331033687706,0.25638478292197053,-0.45844484238681765,2.7074127562596537,0.7584938452212205,1.8981287293240983,2.5343822757464305,-3.0595146923525376,-0.13935966280141887,1.822035785734284,-0.09560316236205813,-3.014685933546984,-1.750732666503811,-1.0085255498618535,-1.486967487034817,-0.40202588328293243,1522.6234077185022
-4.06815867260548,-1.4025163354566175,0.7618412806873717,-4.139984327085436,1.6055166106361816,3.554438668284714,3.431948903465756,-4.296220333843193,-3.3377031435581452,-3.622143880400673,1.7424916742596317,2.4578096985542808,-4.156918759745491,1.3777568336248995,-0.1965394922022622,1.0796340543534777,-0.78448677211372,-0.5963610360832954,1.9075876632459137,0.7523380323050314,0.20210422014433688,0.34916204524653294,-0.9714707111396382,1.765369471171363,-1.5765033562532544,-1.4443536899362357,-0.9908075834334104,1.1755258101050163,2.085383237609853,0.1778082213545611,1523.3805646396315
-2.065821176019208,0.757157535697533,1.6538602898322092,-2.3477530370818944,0.8757369783596738,1.4711720301660476,3.0510172036222887,-0.7247028969972901,-3.434877036039944,-3.374004655598191,0.13311261955180642,0.7601986591285117,-2.64522038849174,0.5727354949649686,-2.0990072927272156,-0.2802180810803522,1.4279309175231785,1.0247731430105318,2.280016499137376,0.5768730688556445,-0.06783001044930903,-3.323332596980721,-0.8169698924833957,3.264150516147666,-0.8729100422271162,2.1871327528918667,0.131922666908439,0.5372241280361372,-2.1061148318538625,1.3914310776861547,1523.727859236181
-2.900227175709677,4.817830597171764,-2.210398582006503,0.8457433725970318,-1.2430255745259393,0.07689568846609093,0.5797965619444253,0.8749647939237537,2.407597229067977,-0.4000713521333018,-1.871706858368099,-2.2421812027432093,-0.7691645978348088,0.5432276254303949,-1.1757745889039621,-0.6515965756694213,3.463478079894978,-0.2834644396407321,-2.6681947331901235,-0.19301367197830566,3.373391768538882,-0.17904575709731957,1.5651757731568368,-0.8214553397064581,1.4121508706263821,0.36453904229677275,2.5128434597074834,0.9863850853371569,-2.1333008057770684,-2.651964589050589,1528.1882858270724
-3.6547734631100908,0.5254402712053142,0.6597635264900751,-4.093747555417615,-0.8762301176675382,3.038352419171495,-0.004778667322355323,-1.390433611700891,-2.1794589951228542,-3.9997277399021884,-0.8404867779336699,0.48113295607354456,-3.1008617826631877,-1.2084454852951305,-1.9067879533226657,-0.19576152920007783,-2.619513975881484,4.448602965117202,1.7848616527937382,0.8776062691403077,0.9128487007338207,-0.7828906443544205,1.2718954124005388,2.046626367515749,-0.7117711199692545,-2.6669894387009268,-0.391693273650089,0.46105487757674685,-1.0794410814098516,0.1879363983398712,1530.8859488998874
-3.393768285741958,0.9123520339648308,3.6987229402206765,-0.8237041872066624,-3.1715057509966864,1.8492173742002378,-1.2090101309143915,3.470973000273086,-1.1461853843551708,-1.2449949065451962,1.8234059774081695,0.2177920169496501,3.657041636746996,2.4939919478430976,-0.8010801788906168,-0.07164038668679079,-1.1268371410244906,-0.40919536558564007,-0.6695099211773398,2.7449840089699213,-0.4866169855747849,0.19694448341328252,1.6332203307895095,-0.2048780757357957,-4.175693474569274,-1.744805043925596,-1.2186682331254182,-2.2320196616104346,-0.6221675521074865,-0.35070470201840664,1531.0469661804773
-4.090729656342079,-0.39985207211610563,1.0750405525402003,-4.18881011295078,0.5303631745982997,2.432903776623359,-0.14551875107031909,-0.2910745200253329,-2.224531635987872,-2.9501523900549804,0.5620904272337329,-0.21434395450605126,-2.6539646344111523,-1.493793029783987,-0.7152798555565323,-1.4499603744504477,-1.25855076449167,3.9430415305435464,0.96167079311097,0.6133286976582218,0.38397962838520366,-3.03790313166829,0.8029587011318509,0.8173278433216897,-2.5347792064017263,-2.6602378323766454,-0.5781432620429353,-1.4151432366269296,-1.9653427041208036,0.6970046351417394,1533.35259892236
-0.8252216611815109,0.8684974499205331,-0.24325742675892004,3.010017869167747,-1.4439343943909093,-0.28431179734265444,2.7412877592687535,1.3803693576013956,1.2584909579754586,-1.174477323393761,-1.644504416696262,-0.48294724756286533,-0.27820061813082275,0.04143888058968326,-1.0244440399352304,-0.8250658930458552,2.7159124128495846,0.26257428654404447,-0.5367790963092387,1.5419601190626697,-3.703841181012122,-0.9731185731396125,3.778339727587273,0.32770289267621866,0.6104093861640394,0.12112003902382024,-3.154624919833615,0.20013988995241605,-2.5422143704126317,1.1817247138966447,1533.958569361535
-2.964877183292033,4.835233504750752,0.9978565569611013,3.90955265394737,-2.454014688813498,1.274736565327726,2.3837124825000293,-0.6953599389258049,0.44397304530127674,-2.080191675336511,-0.25046854114253786,0.43923122117813285,-0.40694832895538746,-1.2980057168454127,-1.5547700701017273,0.48053970124799866,2.2484199564320924,-1.906563652159731,0.06848636637114247,3.821851414601401,-1.237214141073798,1.44346370308809,0.12416866067544335,-0.41290915770160186,-1.4439946958036372,-1.7348586545913114,0.33421875582644744,-0.3234876281985535,-4.3252207626227035,-0.6629420545933999,1534.9762616889045
-2.3370874544863955,-0.5050069331103585,1.7411254157339113,-5.088432857755799,-0.41408368663088213,2.2690617638778594,3.894441029859683,-4.479822995415652,-1.681385030550759,-4.902252783579088,0.547617813430561,2.194381362106186,-4.495413417077576,0.07941924393724697,0.011042654124034934,-0.9368841637129957,-0.6549195789109092,-1.5571591693231852,1.8753319427104067,1.388020867018776,1.059701313595149,-0.31244650133576607,-0.7674983920017807,2.336501335898179,-0.6439205525150171,-1.0662453650244745,-0.8587913916727077,0.8460115566995319,1.898244839711088,0.33320031479282497,1535.091482028003
-2.776476003474122,5.099838396159393,1.698433334774774,4.079075628578807,-4.27553938769182,0.7024243433559434,-0.34081577377651395,0.31915958779297526,1.3348158423882974,-1.0579410983291968,2.078562759127887,-0.2380992184599715,-2.5436258973462404,-0.3101181135227472,1.3539103740800345,0.08329084274197408,1.2882361921988918,-2.932749377923554,-2.944963894436193,2.2447345560408625,0.7831983474722959,1.451994874960256,1.8931320981028394,-1.3343646182637259,1.2619862465444003,-0.9242656436669534,-0.5683488716289836,2.100438555186585,-2.991445615866696,-0.9832891238191566,1535.2382471730198
-0.9870054790113123,4.053700314351023,-1.0631809838713013,1.4217983378693084,0.39848225608343557,-0.6986063533914448,1.4764946792457545,0.47464055709219943,2.72074574159522,1.1891269483300326,3.755272680886879,-1.5226283888505532,-2.6006735018320266,1.465579276146834,0.6020721092529215,-0.31640385913531077,4.699386422533897,0.13305587486785936,-1.7828790316874272,-0.4969266990044754,-1.2099041050269963,1.2524538187364682,2.7918641809675147,-1.5330853843962422,-0.43768783195195304,0.07962679075371293,1.8945248511796442,2.255898908639284,-0.790413760644438,-1.5915645509363943,1535.32735613247
-2.7573305848195586,4.734601857130922,4.970709152618538,-1.6376699098297123,-3.152127936612107,4.2434183242134225,-4.13513501950204,1.500061341788018,-0.08605723912133051,-1.2265799335601746,1.5479395917817715,1.1222425822207747,0.3150096106369167,0.7434746191444881,-2.4874051133926214,2.709679127059248,0.7000010318909449,-2.3523625639493257,-1.4912846610587138,1.8045960139327315,1.9668747781145917,-2.5376107748227255,-1.5337662652811312,-2.2758770990333375,0.07038271850206412,-0.5953319487598847,1.9341719106686615,-1.2124194191262558,-1.2059791201376198,0.7603497116721437,1536.2727573637017
-5.10008244661449,1.359207408238439,1.8753004789013104,-4.328028966728946,-0.10257213404707433,2.730410733032765,3.334767512133105,-0.6470041616735833,-1.8415506691975423,-4.768702590350395,0.610591578057,0.5075776443899721,-1.4371065565433716,-2.1742502549322342,-1.6811180615564147,0.26180633745712745,-1.4562578158390722,1.7841997241696113,0.5762165881423624,1.273113437263938,2.1605103614531083,-0.41260525578848545,1.3054984293486602,3.90878586522309,-0.6775523064400264,0.6515443817035997,-1.3317934570115564,0.025538233127124887,-2.023467764019007,1.4842457110765233,1537.7827488930143
-3.6455343176715607,0.041943090106951686,0.7951115055068527,-3.6321765206626555,1.360709340243965,3.0649509924893525,2.272567006449806,-4.081001288138985,-2.199660457238332,-3.8834021259173017,1.523538643530984,3.975995962847387,-4.358975872321343,0.9364442237370602,-3.469311200052497,1.2735361659335622,0.13449092269859686,0.10517676314148616,1.5621271802868184,0.9483860693065975,-0.08876841210525299,-0.08980400449210202,-1.2793561868219137,2.6443043655926672,-1.1122524841996355,-1.31094496491108,0.3855324497615983,-0.10472674350334346,-0.026176029734161776,0.7190382498773124,1544.4641070138548
-3.9674271529308873,0.3055747522576626,1.143676346672539,-4.596801464053273,-1.4954867171000112,2.241055307007267,3.7033951010029,-2.1597972191524537,-1.5398923370326796,-3.4117494993284074,0.9671050461351589,-0.8908127533407729,-2.048839647356193,-0.8516129076878544,-2.938698405773315,-0.4156781188474117,-0.6324673402739995,1.1440464786031623,1.564848082072384,-2.002778736689958,0.5023008104418613,-1.5226972437845583,1.5458235926283617,2.3716641712409188,-1.547525584903871,-3.714757100148802,0.7958857569303149,0.30634708695473933,-0.7088681848163281,-1.3529540125920714,1544.8382998048412
-3.522991882797519,0.11613081624006139,2.922842850328732,0.3781126791468715,-5.105494197199803,3.721184145165862,-1.9993808341850285,2.2422306272523698,1.57548705199741,0.3225413373328203,0.5800244034390856,2.8835605255669856,-0.17640233529242516,-0.49616748331408406,-2.5407691439064832,-0.19494350097540725,1.9542994419800175,-2.8525421513482563,1.9862077520186245,2.5360036520721243,-1.3207412214242191,-1.0739159152155842,1.7185090561948402,-0.9989451338910538,1.1632684665435478,-0.6514235041551899,2.204493427226148,-1.5006042692618657,-2.1842123433912137,-1.3717081305703631,1551.1902495105505
1.2470889388522601,-0.9523807634400909,0.19017901247482333,-4.810976283207723,-1.1956390696010366,3.628290063451662,-0.38602901881402163,-3.052506182230525,-0.493981244848981,-2.448736378556652,0.0610140211443424,-0.07867482538278647,-4.116458027339759,-0.4715720109656697,0.338941516388266,-1.795105173277137,-1.6915395421672854,2.509840557712649,-0.08777079229194817,1.435843670685089,1.6414453960531632,-1.1893195304211903,0.7054029225280617,3.1232062939594134,-2.5034554260972213,-1.8007729854775998,-0.7138321788663464,-1.3641729649300731,-1.929589951918481,0.4005145505866783,1553.0449902670155
-4.279439189741563,0.34647041044906773,2.9131519442257408,-4.856250328538417,-0.34670026486614036,2.162777227136814,1.0945372140013458,-1.976171044116472,-3.498287922473734,-3.488132334842753,0.719927920850622,1.7985507866332053,-0.2532379453480771,-0.8606130191270228,-1.5486750555909266,-0.5805319366528817,-1.6244306316748651,-0.3928892423760462,1.3894696257726649,2.907553419699245,0.41439721051180534,-0.6617408479264584,1.4876272867568434,2.5484968752372827,-0.2567678830640976,1.4852273525723394,-0.34646890603997105,-0.7474002733972174,-3.269766902773854,2.29972654199002,1555.55175611731
-1.7134004001252428,2.3426558114956313,0.4387178332139628,4.02192091249413,-2.2210189193739067,-2.1174612698594064,-0.09328484252291003,-4.172511997238827,0.01750860581834257,-0.5723820981769019,-2.31429411777358,-1.2741699010281287,0.5796319163551366,1.6007158821931537,1.1293178633131953,-1.9362692235579246,2.2615952760417564,-0.6083387677953774,-3.1677377784054612,0.9049712551552453,2.6183482578148145,-0.5969260635458045,3.4557680537491873,-0.6650692160534307,1.768310893685011,1.8629818644240617,1.4906559705856517,1.7391548206629723,-0.6886804101538092,-0.8165628821610932,1555.7348369999338
-4.765076241170307,-0.2680401647936461,0.89144853688735,-4.486332721614573,0.885833396149394,2.3911614888290154,3.03056910358033,-1.584511986609873,-4.445324156161067,-3.321116526499366,0.5693549814722643,0.17619305671039975,-3.7026411802377517,0.45409067561774685,-2.1653927204964782,-3.104891665345608,0.2550247610553088,0.9713770236494292,1.2554064000027199,0.9868343813688822,2.520081974969586,-2.5033693098970966,0.7461045902106033,2.3523329419901815,-0.4801836420139776,0.3273304704389747,-1.1382776553907878,1.1676869726843322,0.5151901307287197,1.3743983142216065,1556.5567465597808
-4.1313760422323815,0.7966711143796814,0.8277587167259368,1.2290475632932452,-2.0014582045669704,3.3890557602445206,2.1336586721216513,-2.209234291884517,-1.7632561822868105,-4.8351712063093535,0.27064217578722627,1.9291883129964211,-2.2197557520803795,1.1148279585788936,-1.4430795796984859,-1.6870805602372891,2.557638418201748,-0.3136675501478992,0.028661923925638266,1.788492642849426,-1.824955598158657,-1.1322457152627887,1.3363695348903808,0.7998123107484414,-0.1645740957958391,1.103712663283269,-0.454860937680476,1.4366745504765843,-4.004677415873634,0.6650329224018294,1557.3820655826291
-3.5732662246059084,1.1906790676120023,1.120104105299106,-0.22843212743800834,-2.618996900710019,1.1311351623796169,-2.191242411828166,4.388023361611082,0.7287862266781232,-0.883230047933094,2.900827278376438,0.7688053000256976,0.46248044620970874,2.1604431630432464,-0.5936147550890853,1.320395801101643,0.2107304522947706,-1.6886792531592607,0.6215082919917797,2.0012032901208627,-0.6603371267614812,-1.720264340837708,1.842500643595986,1.673030206440542,-2.7350585538957457,0.755590228204009,0.24081625069664514,-2.140146937639462,-3.0918912490396853,-2.0713905730639985,1559.4031404926686
-3.4685491671178807,1.6059224505525722,0.5040562116780305,-2.6716047629041473,-0.35883266733939556,1.8977902666419062,1.4066177158003084,-4.303791237312179,-0.7368613498381323,-3.791255209155705,-1.9427715660556486,0.8666616844349702,-1.7704858761809363,-1.9501026721218901,-3.339780292616738,0.026459817617036197,-0.11633630667613451,1.399687075097469,0.5301330481030163,0.6452956852218863,1.278660127619871,0.409773363596845,-0.002815244309397419,4.734046926970375,0.09541912709155631,-2.2463670839841097,-0.1611629193206291,-1.989005815447673,0.23882357099822404,-0.1060130466235234,1561.2054238776752
-2.4138810490323426,0.8451344998849228,-0.514552339209797,-3.8901466176207395,-1.5311932124976557,1.7179890647458755,-0.28152481203956703,-1.7350307839567143,-2.3886412610098016,-4.5103480775337506,1.8034528650349022,3.8201175448401,-3.370363292757821,-2.6086891480213357,-0.2684882310140419,-0.9337589003572612,-0.7025280887412597,3.7256235242613167,0.3374619935648386,-1.454434922007852,1.5195812900713048,-2.1569905793092485,0.6584891723009947,1.4875759593797688,-1.3030689470025651,-2.111136417446833,-0.8139074520986173,-0.20672507121105707,-0.6992774655419154,0.5354789579409619,1563.1401293577496
-4.574088796360848,0.35965599643927115,4.508304973713386,-0.6893993006765726,0.957262617930162,2.537583384332559,-2.561414522705401,0.22102789225051533,1.637876987426981,-0.05822651296491027,0.9543947004108393,1.3201291523347005,-0.38571260920539024,-0.08338176528750385,-0.1950834933868404,-0.9385388117076792,-0.05414919469129931,-0.8031225116284291,0.43813280558638235,0.4210030324246723,-1.0176123584752192,-1.9181419950376364,3.205118970439605,-0.4597298837785182,0.0794338013807876,1.1607354584381941,-0.605979759104091,-4.142781436068041,-3.5514165842139205,-1.4568518684039118,1563.3788774193847
-1.7729620248788311,4.216852918668884,2.6119946261973794,3.452611724646765,-2.7894705432035236,2.3080588454866424,2.8073916122279132,1.377036099718485,1.8685117686826034,-1.847042953314169,1.8377782020805027,1.4662296030728545,0.6588720770177328,-0.5561227892534241,-1.9464270175035783,1.538920607088761,1.016972888752744,-2.4739602030811714,-0.9831046436562626,3.8760828548698605,-1.4992596408023156,0.8320638205871109,-0.6935727273873142,-1.7294781626418252,1.089152849314167,-2.6155213539518867,-1.6559403542328583,-1.4889392214689425,-2.2196566058312786,0.3955154045221029,1564.3317815876685
-2.3714310461890014,0.043622828970820926,1.7206138853095703,-3.9054350817768424,-2.135418106189822,2.392527920942987,2.0394662837640403,0.040133148120987006,-0.5083766269072533,-3.553246276188753,-0.46585658327923246,2.950047482874619,-1.0664567938377139,-0.21645512713318915,-2.4217839882642096,-0.15416805114534432,1.724650280049875,0.24688262401150432,0.26146278937653245,4.591624088893262,-1.373406960549357,-2.349266699580971,0.8622875646779341,2.078125558447184,-1.6787462453328312,-0.6929561729614679,0.043273185026439065,0.5647151512391845,-2.5861666334181956,0.8435545804236346,1564.6182204084848
-3.452521282545618,2.961382141007157,1.4367357263920368,-4.430144212273411,-4.044178326842091,4.603255404684699,-4.868044071409269,2.9401656762371253,2.719358768655986,-1.444242927584274,-2.065573716122138,2.2862961108043196,-0.7696890451964802,0.4068102531450585,-2.3512188010979,-0.5763845320083535,-1.1356811807312324,2.3783936281563447,1.889564803881789,-0.8091831490684882,0.0055593742720302375,0.5428554903056958,-1.8978091533197448,-0.9996605989535635,1.1804956294698175,1.8137119386262381,0.20167401450371725,-1.2924945468725264,-0.04451728450928405,2.7404896684163083,1565.0383448767216
-3.9862766223526327,2.897111099978135,3.4674745063534336,-2.8351726084736724,-5.075495477634797,4.034751097562792,-1.8403293491671107,-0.024158174223494644,-0.7221052079455171,1.3018526237027928,0.3504197898178407,4.456473492960357,1.264064157478912,1.7545280752303984,0.18213497212152593,2.1388201646144918,-0.43499350885056104,-0.503034661201791,0.4801511255766915,0.8209792849179174,0.5770338340085845,-2.394224352047495,3.1120581388396933,1.2391669314458778,-1.0048560342527848,-1.576739838954305,1.8756637174952022,-2.0694111814919327,-0.9380445492208733,-1.49462254744233,1565.62014810329
-4.85066102186748,0.3197654872186606,5.110139466062135,-1.4458004038758379,-3.8168368908626746,3.702626364582615,-3.3002785029787716,-0.23221102234970759,-0.0911231144665246,0.9924139034593982,-0.012297802667491253,3.960361030629544,2.02809926280732,-0.7793048136380865,0.42762173588023966,2.2011052102229614,0.9106075238050335,0.8063582400528362,2.6896299836774076,3.594202526655334,-1.511384351672258,-2.3266369601521166,-0.08693414612722249,-1.7035650362805381,0.136190832317995,-0.7104744230646312,2.6044654446496116,-0.7368387972192421,-0.6788435796088983,-0.10002588642790011,1566.6828776797083
-4.870239132238789,0.8138588425708869,5.081255396384792,0.10242027979770338,-4.828072924449246,4.905226009833855,-3.2181671146950666,1.4541539079115529,-0.2071302836843546,0.18616880060571495,1.2106872654516099,2.409073121558203,-0.6188604872986343,-0.6070747688170701,-2.3888615110513083,0.8701961649944929,1.460924505110742,-2.4388441636973672,0.7231801888160533,2.53817835437846,-0.7456624711165776,-3.0070193291981906,0.7172375821566942,-0.8700898702959786,-0.511730719725062,0.653664435980601,0.8175073712504728,-0.47746736142434143,-3.4697658766658916,-0.5277386634862032,1569.5422253893648
-3.1608528471693393,-0.4350413248675202,1.112098959978396,-2.5368318982994933,-0.4354322169899222,1.3044368108904063,1.0277620090294421,-3.9167424114675726,-0.47870772747033274,4.3717748861656,-0.9402910571943561,-5.057489535457094,-1.3793542791117186,-2.2586469925386714,-0.8918591497398842,0.5116617790387362,-1.7805813435496396,0.7370149302146942,0.47072161459822814,1.6247170922799052,0.05141926051204426,-2.1378602576973567,1.665722272614132,2.8838266212885064,-2.194621228340895,-0.8937548335231271,-1.796410888220267,-0.27928568692168654,0.4514776812562096,1.2536940169929414,1571.4788930324899
-2.597502397438888,1.7886365275824196,-1.1530037884269517,3.1345030673306193,-2.2578376782998357,1.1099681991877481,-0.6076646817798395,0.45723254315674344,-1.1961573319513055,-1.0413411636245054,1.5348035795490271,-1.6463768063448498,-2.7822928559455065,0.3734197695251567,-3.688643540781424,-3.3348556527708793,0.3330399158110895,0.9687849477945386,-0.36593034830803994,1.6399545952707748,4.470668282074607,0.4287347924392353,0.9599656622797186,-0.3981130584681186,0.40645710569279525,-1.0108739601946775,1.5159012320046905,0.22690875599545568,0.327296788281658,-3.1259734508376296,1574.6741336989096
3.3746794216314884,-0.3743959048427832,1.1984292597816366,-1.5687782035027253,-2.2250647188267028,2.2332053971434247,-1.6634103088925227,1.7607427905814796,1.5148051293884122,-1.4991772971879933,-4.019745230444572,-0.4502289348537707,-3.023546030336173,-4.447351046185355,4.086048844945427,0.3136243797974574,1.4343575273114977,0.9797869314269849,-0.2825797590320853,1.9389743903034442,-1.6289083161012006,-1.089788500889229,3.3405970082212493,0.5843457441577203,0.5221633081530092,1.2975826592875175,-0.7690826453101149,0.6128783299265279,-0.22728363143588032,0.957266150797484,1577.4787974623705
1.8605766345915549,-0.24229505851319888,-1.044712890944834,-4.833684850813338,-0.6905514811581124,3.3375267624896763,0.14036336333438437,-1.1165809588906157,-0.3397119219003131,-2.6311015706806486,-1.1004546419849737,0.7244696362465771,-1.9127204189367468,-0.9202818555036157,-2.42158504383995,-3.5255005509930015,-1.7759253565806046,1.6593279872238174,0.25925796278421265,0.8245674620160505,-0.25782623671991795,-1.0830210087218906,0.30997914196007836,4.120426328559077,0.002854968873405861,-3.5591296609350174,-0.35227651020595463,-0.21198355981931738,-0.1064915783004079,1.5814714855316332,1580.0269540309453
-3.1518881524435374,-1.1912202610539189,0.6889696677551933,-2.639294054821888,-0.10151823352515371,1.6390420944890602,0.0253809868773629,-3.1557642632163043,-1.6848718799582667,-4.37340806561628,-0.9595088666799696,-1.1668277409156156,-3.33782993751416,-1.5765233775188001,-0.7500334380520399,-1.0510859708576217,-1.215287392155612,3.500757664754156,-0.16703619274143144,0.39807612571263706,1.9539470318439334,-2.548430295896384,-0.20476596350290957,3.336626689993994,-0.2302929201913364,-1.2421513464340954,-0.5546044742147891,-2.1557524507205463,-1.5915731037475997,0.01603560608027843,1580.88610603297
-1.657487037683302,5.119312729736812,1.9858276318500512,3.6171913853021733,-3.2115777353384525,1.682731139808535,3.168193926386876,-0.19272964707723794,1.450355141495829,-2.619713248481865,1.6733913620494236,0.6632463814777217,-0.24493978050879084,0.07480969293870421,-3.603157984223789,0.17862378690966244,0.06886982526654757,-1.2395191585597511,-0.47644690180346894,4.1668689482740096,-0.4042254616170279,0.47137072176521927,-1.2185396451156565,-0.9485282405209314,-0.7892106881857853,-1.2915277889478263,-0.341626764762618,-2.6158315269805423,-3.24455288371066,-0.31427599522492344,1583.5030278239428
-4.7667622525196185,1.272928939885289,1.9910378780562588,-3.7943213430710006,0.09800190179013257,1.3985603558347701,1.1416758001837901,-3.029427270074769,-3.6860596862285027,-4.541919006989424,0.12632413167785533,0.28154017855707086,-1.238216522806501,-0.40838817931236654,-2.082898137312955,0.32153789047817916,-0.9732968450998625,1.2299204744221925,1.1896767158238588,2.5908749758135747,1.5852412252097312,-0.2069458085614605,0.27719499601679254,4.222557979613651,-2.166214233933421,1.8387367856546797,-0.2584940891828781,-0.8454848341178011,-0.06717808290851768,1.4151594928028564,1583.5946883764236
-1.9062836243096912,0.5741974295557236,1.9185089317723323,2.038182369720005,1.1646081359686598,-0.3318876224355407,-0.10318974876229126,-0.33340843003466225,0.6730788198769041,0.9692351555236736,-1.2658923009868543,-0.795321348878929,-0.42074201196318967,1.320979422357975,-1.4592304462539363,-2.2835515664961075,3.872256541105891,0.08097800939946344,0.22081731120970138,-2.830659563765214,-0.4543798603395792,2.299413302766815,1.6969427229284118,0.18363131331353233,-0.7559785491612085,-0.41118333761724013,3.077306723941571,1.560858509392791,-3.7141780068276304,0.786179058124692,1586.2360424958572
-3.58700808303072,0.8197996619145758,3.5852561871585884,0.5578623652891294,-2.5864281748075517,3.152998107223346,-4.298915657878563,0.5468318370946843,2.003889700060984,-1.5385723006060126,2.50725381317254,2.3140993495713253,0.6548869607913287,-0.2812264270636772,-2.648417571681973,1.0045412988299562,1.3030586491967449,-0.5661172237734644,-0.8624746890172884,4.213693944826732,-0.4792158569717215,-0.5309648476695226,-0.7426609553951549,-3.9307822625169138,-1.5939958455836796,0.44898451615986557,0.9780923123374627,-0.22568862377997423,-1.5429596148577087,-0.8811966455999304,1586.8953254871587
-2.8073416203978656,-0.06805359809209954,1.409257961491342,-5.016869178020617,-0.8814383945727888,2.8218384174181073,1.790606301467085,-0.8191776138259247,-0.8601507451233272,-4.496899039161224,-0.951073423963809,3.159850849334968,-2.633312055517462,1.602193925542574,-0.8174558402129197,-1.4311549583665117,0.22254378354864818,0.6968382028267158,1.3492337915741637,0.02779310018731218,-0.9436370035051679,-2.2638674158471273,1.698802477278486,3.580010045281772,-0.7540556686682769,-0.2720116626146893,-0.6591018528298156,1.2718281223017383,-1.8533088809117513,2.3375490523552243,1587.8235854481286
-1.2195258921180618,3.780836475300504,2.8293551257601193,4.201363320383079,-1.9219838372994014,2.814116297165445,4.844850788643183,1.8577983294207263,-0.19372747660240586,-3.7014940268047782,1.2436583425423522,-0.04555342541642449,-0.7777069188445511,-1.698089079209314,-2.3817737515794555,1.1663291989802989,0.619744922804303,-1.680608403751764,-1.6427268372485042,4.352701192214818,0.5545783926206285,0.2715262871562341,-0.3873546353248044,-1.129739420630823,-0.07832746077878383,-1.560069762729344,-0.5648152409791327,-0.051292196561996184,-2.5566792732044634,1.8720705113792202,1588.6258285028614
-3.327399430217672,2.0442834377226156,1.6936650098574564,-3.4301847327302974,-4.371633423336097,3.0344481354968904,0.4625885414276525,0.625269779176078,1.7948182606606644,-2.903774246673954,2.3778990921345584,0.5477765826270301,-2.843353564612671,-0.5228954864961418,-0.12139265635022056,0.08230068984256933,0.6703830135477804,0.4851779538195268,-2.3430459156198125,0.6692469455684896,2.3933949808767694,-0.3681351485267102,0.2674722831332039,-0.7039482169830581,0.49538287310797635,-1.6721654153535555,-4.906382373130103,-0.807100127493148,-1.3242225082089831,-0.6076130205366631,1589.8179468019994
-4.195646448389114,5.119865595994668,-2.6199141236160757,1.6671208469568242,-3.7185702501175464,1.9845676701550232,-0.4863903242714651,-1.6428732719699928,1.928156842852856,-0.5345716048725742,-1.7479843468077918,-2.328542683548833,-0.32456359386159406,0.9730706189142573,-3.498930087992182,1.0256381057826753,-0.9810646554215219,-1.6277930158630016,-0.710852453717596,1.7853421395826714,0.04154028992158321,-1.6083379202819053,3.814375531385169,-2.3533969104615857,-1.2168132386894055,-0.7806878260120343,0.5776891259685788,-0.811988222827295,-2.7118954891053084,1.5189688292611847,1592.5853875755627
-3.841886326672994,1.8387843272100237,-0.9004266521265846,1.5698644814970661,-3.981602515380406,1.5037502020557136,0.08698635668968757,2.136566874259274,1.1344553306348932,-1.283280608838396,-1.3727423303453574,-0.9388583184011368,-1.1637927616254184,3.5530803450272086,-1.8465655823594698,0.22798323106135143,-0.7035984590188854,-1.2979226381280473,-2.1339990111162663,3.447260571947787,-1.469296762519172,-0.08747818676662458,1.9332737457786937,-0.1772926059044424,1.671310484195512,-1.28081013990589,1.013369146553336,2.109956370063354,-1.021442744325317,3.334379128261108,1592.7246955982307
-3.365466571803441,4.893769619512162,-0.9867398534050945,3.5398750655582245,-3.555411206833856,-3.3337858902753155,-0.7947463778859238,-0.24511140650808028,0.22786516208682794,-3.474146089274301,0.8782381497481323,-3.8279733254578274,1.6336596028214485,0.787976877674281,-0.6053020732852571,-1.1976947099464956,0.9574209620806766,1.1714875648721579,-0.5973504754467548,1.281310561612384,0.6856624050744423,-2.2352737660304864,2.389193800053554,-0.7848947244645348,1.8086326406538538,2.3212167784180426,2.0270745983044844,0.3313841385788592,-3.1517807788506844,0.05820398902905749,1594.2208026976064
-3.03900139465038,2.912686278243287,-0.8738222084854459,1.683237881999219,-1.7297255258643291,-1.914780658257817,1.597029897984331,-0.6880834791364472,2.256640254708757,-0.7303324297054573,3.306393883800315,-3.337085664450134,-1.5299608307132024,0.7690668809036204,-0.15446833439573715,-3.641492605059781,2.2977593537761907,0.7949254391004582,-1.8880706896164539,0.3944924917114996,-1.5497875068622045,0.5603697275347305,2.834751624742869,-2.247120618159208,2.3917009398064284,-1.130547904857948,1.9709758376794504,1.1609389832721353,-1.7101034810173064,0.20467784644573467,1594.9786020373272
-4.73230974445105,0.6361436842525379,1.5919806489012815,4.3041954839587255,-1.953193778805996,-1.883395654316022,1.2851912816361426,3.5871663179275397,1.1189987711212628,3.637174016184609,0.3101346463175514,-2.058510279031422,0.32362641933803993,1.7675013444098686,0.2128719522998581,1.284616703367988,-0.17786841743176418,1.0150897128634906,-0.8710899651117044,1.4705483042704683,-1.6823380169927837,-2.522241372636225,3.0168807736529564,-1.2113226985840115,1.6741538939305423,-2.0624050744282947,-0.4946421054918956,-2.588129782533954,-2.4210209677130288,0.5044634353283887,1600.5562536153036
-3.6750374599092455,0.2389581676114262,1.3326271750045275,-4.364839733163189,1.810364980454231,1.66093480797062,0.3534960870680308,-1.1482381391035732,-1.295625028161525,-5.113252840032633,0.039906767532878695,1.1712417486594857,-2.0482084771818427,0.690017550145783,-1.1628164812969723,-2.0210556327628706,-0.9006402129232067,1.3920406923271167,0.301724791691922,2.4672508291211304,0.3484196449300926,-0.5343019733972094,1.8477446094121672,3.632351730411219,-1.3455294743560113,1.309045819106213,-3.053190495740446,-1.3638716545114113,0.9204316960426169,0.9566508119747319,1601.1700110749027
-1.6051162370224343,2.7819376593174745,1.4684197160416363,1.53505937744271,-2.07099386232143,-0.7511269420485167,1.6926291065191976,2.0429787486191984,0.37495439818525217,1.2750467390884839,0.8426284480759361,-1.7931847313929516,0.1520657419668271,0.8515418605123732,-0.9176926618383912,-0.5768747928015344,1.7467150964552718,-1.71835481591097,0.02901820431562374,2.6227274149861453,0.10692786663187914,1.192324760352594,4.119341092080402,-0.6501180601590055,-1.829305966707155,-3.5088679684599544,2.355495586097766,2.3635577885091203,-0.5153865866254008,0.43208300038753683,1602.4096527166748
-3.4429296560357985,1.4279013037813404,2.642731225647752,-1.4572035147053348,-3.619736294608717,2.8257148596790005,-3.0420185960372463,2.697776951403656,-0.9349735480944128,-3.09022540333653,1.3139781329425846,0.944615484171806,-2.7419554095043974,-0.05718630719119305,-3.5266528745176173,0.2529781865593841,2.5904399761979136,-3.171394633620811,0.8444185046251141,1.3346529879853657,-1.2300602713481141,-1.7095464096547632,-0.4048428910537622,-0.508808045002375,0.400915159017908,0.15765995619031292,1.6706154507292719,-1.4122757905053458,-2.4994741003145684,-2.12242143111536,1602.7517322571616
-4.124110865010428,3.5616633300786735,0.6116809474047142,2.505087399063713,-1.102908920397864,-0.642686270131647,2.589174989179102,1.6317404472167256,2.011115309572726,-2.5792786463667063,0.5366525948067574,-0.6110960352303922,-0.6346070245292608,0.34167841876178284,-0.6758807210619253,-2.6648383614712094,1.3808141070014763,1.6119318544399004,0.26504841529778495,2.9260386631282174,3.7178200758123734,0.24850937228638698,4.001015297092797,0.7352551000354315,0.6015635623007702,1.5708188788414241,1.5569694672863341,0.15501552267789087,-1.7423346049690096,1.522344457554823,1604.7382000873674
-2.3921130725520787,1.3675097160360088,0.6891997328817594,3.0505972018456813,-1.9455848855844449,0.3399034772599201,0.9930113289714424,2.508633393687693,1.3002572884376478,-0.20159774392904214,3.595270837503689,-2.629115426650634,-1.9593541695004995,2.385847316533782,-1.1308966465925976,-3.141355656957257,2.4224920560098866,-1.8574546103097769,-0.5413308006604746,-0.307480328455514,-2.595760343346662,0.7733794062437038,2.963376313761872,-0.8577848039772767,-1.0378359424600083,-0.04990110793592539,2.316175410099491,1.7077867321431257,-2.1773746799622122,-0.1700724641044723,1607.8824050451758
4.28422587287154,0.11565448043020843,0.9598913824565097,-5.118713684839389,2.764452311656266,3.7255992167644756,2.784713005723306,-4.412428528779049,-1.5440626274297053,-3.1878053256769507,-0.06279863060079982,3.0862267486360997,-3.3187174670268282,1.6111198693205844,-1.0509093786746226,-1.6516434480310922,-0.008167138294141063,-0.28200781011537224,3.292615514296859,1.757802232098491,1.0049961232715354,0.46654491356032174,0.054610616108846655,1.720401754505282,-2.858650225482039,-1.7031990312439096,-0.619675870287181,-0.03642407675453074,0.11754585378217286,0.8089334865907064,1611.107517578864
-2.5675370434767135,0.6112521957309885,1.2581587622598782,-3.445307980659596,0.35346624206656396,0.8204342253603272,-0.9158434629635048,-1.6129507909822585,-0.6943577468406199,-4.436807614913543,1.4426808869822825,0.06518518380277474,-2.048141906772061,-0.916155860085031,-1.216466778974421,-0.5432111416370369,0.1449242929915293,4.555992791752923,1.3545671510000217,0.7757044607006627,-0.37195808466093694,-2.557784021318334,0.41277214744581436,2.078940807690267,-2.1985968220793928,-2.8467893700181417,-1.6313456829855073,0.6757391820219696,-1.7700424084726438,-0.8704634389449353,1613.4041018143605
-5.111311102219418,2.6818473253316215,3.355694799300328,-1.6211989887909106,-0.07584812746573455,2.4023346902838005,-2.4411380322985012,0.21955183308465975,0.19471781700662188,-4.1122421246300505,-0.3837448919942418,0.39236168668726185,1.1071151872365148,-1.2163820473170872,-0.4408420609761733,3.4248745699724616,-0.421352641405818,-0.023476755320599563,0.7232798834835754,2.6685423885924235,0.6717622313749932,-1.6193010249291153,-0.388367107253597,1.157156957099591,-2.3912591415813673,-1.9558862027612478,0.46384876558594346,-3.272732790962114,-2.1841488321670237,-1.8952662023568767,1614.105999859949
-2.864100899914108,2.321035697609254,2.257188499039949,4.509586528877533,-2.632881348729935,1.7753320758067346,3.7565105573270547,0.9506717440108889,-0.012960277301541534,-3.2062610510125897,1.4755808690925063,1.8293931848686156,-1.3801411021205126,-0.03948818065711457,-1.748055707591476,-0.2319896746329212,0.4053993037011283,-1.4764304197501947,-0.4436979615194824,3.547271565218029,-1.763797111674446,-0.8711034323171543,1.157086179104442,-1.9883693204058168,-0.5749463807264961,-1.8763234605623333,0.7960751132281213,0.21792910263721965,-4.04899820277277,0.4669326095457683,1618.9401122510767
-1.0954409015791928,-2.258443523707591,-1.6157013711782306,-3.3473552977792345,1.990038808294077,0.538854033178763,3.9960109882794628,-1.8145581118756837,-0.15595535228788138,-3.9554818699185956,-0.7292952552551143,-1.404769505382087,-4.1160812986276785,1.1230148102738964,1.5000563627939574,0.9356310388072653,1.8464131535521937,4.580592563332248,2.9755802731427625,-1.2408217500970267,-0.3767081682817429,0.6533508496875995,-0.616680701782769,1.264973855953456,0.7306661435996442,-0.634327016635738,1.3649118079712825,1.3216691905188411,0.7122758728643561,-1.7622902877158675,1620.6587293110158
-4.5564838959235425,-0.863689429188865,1.20312521921545,-4.742743925042715,-0.28842831662125856,2.429767865949436,0.2188546994937025,-0.36567442368608916,-2.053155323617471,-3.4409787745805667,-1.5566953723257013,1.181522355969669,-1.5335532465052506,0.06430112205771635,-1.260255744261428,-2.2253533499592986,0.3450931616566332,-1.6773402858580573,3.5621113225451677,1.316505652324627,0.1791634140220063,-1.6978781521512327,0.29794245481800574,3.440749585583507,-1.5124550873088427,3.079108997975009,-0.683948172546859,-1.7269541990220927,1.380173625486979,0.08133369098318477,1621.2050838802893
1.5271104500084116,-4.164809146432262,4.46248804649106,-3.671150170824165,4.843525960939496,-2.20513424560279,-2.198825337788234,-1.305891050365991,-1.9681324136209115,-2.8677139845629216,-2.609381775366554,0.01709404101304335,-3.492457020679513,-1.5204549530285991,-1.7752462180706192,-0.1598818543587477,0.5313866082417319,0.8472561137633599,0.8519038075608526,0.8591474634153042,4.341153013587167,1.8818202685372694,2.0957691081775067,-1.1798283741132138,-0.35014729009463186,0.16167997078525165,0.4028098768185633,-0.13805008182140371,-1.841578213713501,-1.7248819910849464,1625.8815661740036
-2.346241534757474,3.9000272056202125,0.9281062686508372,2.4601397232841764,-3.117342927526021,0.23035322048307993,0.13644461006047992,1.7474507465914704,-0.22178448569385967,-0.7228318339590722,-0.17743754749912505,0.7904051131152611,-1.8487176011903212,0.2723332681781333,-0.6754775639761397,-0.447048892550112,2.4684488377928533,0.6501228081646088,-3.55286580402431,2.529862787077363,-2.2154655393830103,0.18086912566044483,0.7749468130052519,-3.391393806951253,1.5644893757251048,1.7364376962733,3.6358114170149802,0.4404211056030527,-1.2624154022354823,0.041366443391606944,1626.0837155724091
-4.195930074182739,3.554918718704062,0.5490958881746186,3.7554427150935235,-1.3031512325646828,-0.10837240520423452,3.2608197782155606,1.2466079254029003,0.11414592742318463,0.2633649877498061,0.23062612959274853,-1.4340948197147612,-1.3029415248682057,1.8816032829817773,0.8007538997322365,-1.5088735181022004,3.125661654520698,-2.2775160423935974,-1.2358737891305875,-0.930287366776247,-0.6857753068164143,-0.0070567330894493185,2.315693925509032,-0.9975085670039752,-0.2618212178716129,0.1637163633818064,5.047013473947431,0.8781633597417314,-1.5261301587009015,-1.225165720551268,1626.586261850606
-3.961511519539056,1.1768453613399146,2.700240822216106,-4.2451513631919875,0.7960164547679567,1.194552671307257,2.880133381133727,-3.368287985882489,-2.1397049758926774,-5.082840747488582,-0.7138514987926631,0.1910164791511486,-1.7646828922551645,0.3470398184488247,-1.2957377651965272,-0.673271388216011,-1.3435213616158004,0.1431428072770502,2.526783037381372,2.785245064496425,0.779165195457368,-2.149989424919259,0.7563751035568247,3.3825362907210645,-1.7988254652410365,1.7530107211294426,-0.6753518662971267,-0.9502201998433759,-1.0674499162097628,1.039202103233514,1626.734316204012
-2.6007413090654525,4.121989499581679,1.386268802860858,1.7361770881512797,-2.6363637003002887,-0.15172910289806815,2.2190518476453835,3.2474973960103144,2.7019756205867718,-2.425778053089506,0.9894336239157389,-0.4565927283042184,-0.1571208452746542,1.6492674638948994,-1.7750371322280996,-2.310612203357865,2.8838244361508876,0.9167958138081101,-1.1332234606586782,1.9741531939238057,4.677134677341701,-0.21958690501106903,2.062267544672343,-0.5048205784226981,0.7816243800146668,1.7412920576494322,-1.8196500325953742,0.7721137621793208,-0.8551320581964372,1.427442211370313,1626.975405817125
-3.1741709167540124,0.4830987218646654,1.1575703135791806,2.6462962679417137,1.4637825612176836,0.886717530734084,0.0027870944062339253,1.6977455845478107,0.9597780118193687,-0.7790676390307889,-0.8846351796763114,-1.645585449322079,-2.2925535452919172,0.41831800080892334,-0.9187726317179621,-2.3026402374373864,0.7874054914876643,-0.9771941722720745,-1.0654063783368792,1.1150523646293045,-0.9247886463461634,-0.2246116185350154,4.682727009240414,-1.6464786820903305,1.4952374315571275,-2.7203456530716448,2.445959259062656,2.6243705337410788,-1.1441351818897794,0.8043371056724457,1627.484702549156
-4.701332989527874,-1.5889338731663827,0.9492959357650631,-3.929053553625179,0.8500748750558336,2.93263581265212,1.38343507833623,-1.1679380692277164,-2.2823921654671695,-4.312941520486145,0.6465394216349607,0.09662185366499743,-4.604706245303897,-0.657851015061416,-2.111788054696573,-0.8407370508541703,2.618570589701474,0.5259245197942032,1.2492584269445444,1.8155638010337953,2.0076530722605765,-2.0308091337205587,0.7118557703174578,2.2137974678982024,-1.696602560290549,0.5424360980378758,-0.864125003755857,-0.3022584009605833,-1.7015920443711172,2.2427000659653857,1627.6109721117532
3.766183794550265,-0.5901174098437081,2.4116952817558417,-3.5783449908542755,-3.4839501473743812,1.5879671023054498,-1.432061194036114,3.7970411034044664,0.44479675754332576,-0.7366359469358603,-3.3483831567492093,-0.4650957924348258,-4.097982451509537,-3.6684200068074597,3.42586283585307,0.3490005860564254,1.1335681923479402,1.6086118708911454,-0.44956672867586234,1.9034112080178325,-2.580528668034688,-1.3813652895920217,1.6134550796251128,0.7008926595445332,0.25410895166757086,1.3301933313818664,-0.7924347613616968,0.9573606882715244,-0.5595063830523986,2.0290747626223444,1627.9450397341884
-2.74775861659295,-2.321651979536553,-0.4255387018982226,-3.3071719884977604,-0.4638606149344766,2.1300653420560245,2.89946387998756,-1.2006731304297211,-2.3221756388248753,-2.5717041787910033,0.17270729998399864,1.4151181510377229,-1.7718882242958238,1.4075054186487992,-0.9301814706614209,-1.870546237162067,-1.7069911913418188,0.10568306293247146,1.4402455665387799,3.0201159164012763,-0.5022208707651202,-1.1545945083211868,-0.740963346773837,2.9112191659555786,-1.9974661195710006,0.16361756300914826,-0.48016640240723024,-0.600760123779355,-3.486044172781054,2.5805097574244606,1629.0362631504456
-4.383851070131238,3.156919358760174,0.22542213505127692,3.1141289184757346,-2.7142397231994693,1.8482612282218402,0.46811949514089457,0.40046757370082675,1.485788198490617,0.20912087069547083,0.5495846335230161,0.7205938000351695,-0.8721263329107187,2.462128804055705,-1.4814125451623548,-0.5055393895132977,-4.400708544927245,-1.2185678215980036,-1.5978983285258486,2.410691764662625,-1.6135207998285237,-0.5528628965104048,2.060272076516021,-0.10449394350802538,1.3618608459460346,-0.00658590617767818,-0.14062717717429818,2.6987119599774916,1.1428107011508262,-3.4727531587452254,1630.3514810185989
-2.7426586834319204,1.0505867038582954,3.6687844428767526,-2.99505000491994,-1.1350047608708551,2.9673402511078972,0.918238765506636,-0.1358369736481475,0.45010968438162424,-3.0261931608360224,0.5844216752592617,4.977530474000354,0.5793970714214285,1.4616210418675872,-2.0045652106292366,3.27921703576299,1.0109831966132976,-0.90055160250688,-1.2378066932186864,2.1224994686809513,0.031114812893898502,-3.697547009923605,-0.7070404770754655,1.754563046525457,-0.00828894762075505,-1.6754739939339567,2.0551406260095892,-0.13940937301123357,-0.4671578114846522,-1.704728327350978,1630.830188407725
-1.3075078929698565,0.9590774046078414,1.579963273728335,1.7802148904100163,-2.8472610225817903,1.7553533563351913,2.2505300124930216,3.6971038012150466,-0.5617012351496612,-0.6887531047250453,-0.4490877052634165,-0.5048194428531761,-1.013232802862811,1.105371916463765,-1.7752466947574586,0.24929412365059436,1.408714608618419,-0.9985986348155992,-0.7278702432496228,2.081316858196045,-1.593615004163072,-1.7260844539031053,2.1785667161062636,-2.4473387327444733,1.8302995726990987,-0.18274161967859937,1.059900249112495,3.4045307617232883,-2.8167089208513323,2.0295356234325803,1632.4396130457098
-4.15477658677341,0.99015939989664,-0.12474612706624566,-4.588889252580784,1.6205567482701957,2.054607836042096,1.1757465103326323,-2.0994209586652635,-1.9397773695712974,-4.107856482887343,-0.49453502018250317,0.2982075709451384,-2.010178643535475,-0.7911449625797915,-2.0504370843731734,-0.6295384733366496,1.2215930333742033,1.5769391498570549,1.5170827057715526,0.17859376901417034,1.054343724877157,-3.5220605013773536,-3.3793913531387325,3.572367026051327,-0.35194706274056065,-1.222890660664792,0.08011739766417723,-0.5175758215563442,-1.6847877384403587,0.17144028919400367,1636.5147453798102
-3.6337383654414204,2.2320598073749793,1.4315263693568028,1.8935079465718707,-2.9069003835780576,0.031346972447766464,2.4515884181342584,0.021630078706854183,0.7636239802815945,-1.6152347458647618,0.6934509537789413,-0.8786076017933062,0.8036990401433424,-0.842226509732846,-1.308289859209951,0.5413171880736305,1.849118367831067,-0.5560644132693253,-3.317019744161099,2.9343054260057895,1.322450588217392,0.3465216082461745,4.209791337410145,-3.836862492563445,2.091196357895388,0.3593218155390636,0.4413430818815618,0.529697318287236,-1.024217142097771,-0.6969992443341855,1638.6106970089638
-4.090087460618942,0.48006442738819954,1.6113834066669366,-3.62053591090297,-1.1710009299799762,2.218161097720925,1.766250514816762,-0.338497265541549,-4.159627703966678,-3.0461348513067166,0.9878589614023261,3.015048425677793,-1.609389347379929,-2.008376740122583,-1.7772816211835014,-2.2188965178677758,2.348947505772153,-0.7522229646706633,0.9615650573704686,3.0148859432041126,0.24733031551096452,-0.8874806327775254,-0.3555915517907997,2.72011056746336,-2.8362913518804933,-0.020955202431491626,-0.7842204789368755,-0.6916542735201665,-2.3585958248476464,0.9378018770817268,1642.4495283131384
-1.97766073466891,-1.6944286663927073,-0.38319848028377046,-3.9301868794590016,-0.28390881737473916,1.835332142758983,2.8567090521964413,-2.2728026128859753,-1.9149560053935681,-2.778720757637116,-1.970415186342889,-0.8861366867504039,-2.472395051502444,-1.0726681306546884,-0.48723966635791094,0.12009459207232394,-3.3076785779303246,2.3548323176631207,0.4691924417352836,0.6667044109689164,1.7386256503045088,-2.8142993529675406,-0.7883085031431071,2.774837280750835,-3.0703804299749216,-2.6146222559778316,-0.8991797302334474,-0.44606257684383294,-0.6636748174214365,-0.17921005361758435,1642.9094044050037
-1.704587111606656,-0.4285819091093047,2.0978782108424197,-4.3810675426953924,-0.34153923219240007,3.6286427830661756,3.2161087120319882,-1.9859897126967356,-1.0787565401489443,-4.180696828404265,0.7158953502039496,2.4032320444927526,-3.4978871655227066,1.7736962329809323,-0.7316942275781636,-1.105747613076809,0.7424012169045524,0.8652924322283906,2.6379638683085904,2.0284095227716787,0.4638847989412142,-2.318935046808554,-0.4170671132474436,1.3991265666192028,-0.7874937674271898,0.6038647402096078,-0.6251732674345705,0.777432828146054,-2.968274279062303,2.2842406623076186,1643.3496646481558
-2.609909846142984,2.9629033189191105,2.383369474168105,1.5044518120504558,-3.5360416011095612,0.6674586398150337,3.403215196362128,0.26952531901109583,0.6520885678407244,-2.9739951380668526,0.24347827066774075,0.30064816289063956,0.05507878353172385,-0.9734716421808325,-2.614430865571604,-0.07016900187600461,1.8428862070310819,-2.1124756316492173,-1.4081810117036029,5.082547746524034,-0.7722343087640594,-0.4245482265914743,0.16435908690132245,-0.5671417905796583,-1.318635351476659,-2.0946681005381453,0.5467828880533574,-1.2362739807331424,-2.958630211020992,1.4137962375036475,1646.6782431276179
-3.3522624128780394,-2.0788401853911544,-5.07396964018682,-4.625775371155525,1.138163756364166,2.926151023450659,3.2130615383555217,-3.621849615942465,-3.1478874151541874,-4.35738809129985,1.2222559486598965,2.7691274964539474,-3.078557330243317,1.687651047737839,-0.4336195507379971,0.426627699977867,-1.9251111394225024,-1.481185310174972,2.602373246292818,0.5979886076123413,-0.029970311726777166,0.5585598280108937,-0.8230312350550915,2.37326989634142,-1.958223523864557,-1.9075048737418405,-0.4107311787014046,0.7462744343427994,1.3869864870449826,0.6177942630438553,1647.8988652040123
-5.061065969522221,1.7456894508148868,4.881660843173497,-0.19172016106066636,-3.730134117916851,5.0239779824766035,-3.5330457123994377,2.0779287042199517,0.7850424962674203,-0.8174376331605027,1.556971306786282,1.608858971339794,0.5123948310707389,-1.5115168577726155,-1.3017374787122282,2.3078915867695606,1.8289671707969064,-3.8451397298092207,1.3096232555328584,3.2902362186957275,-1.0574621973922702,-1.498640408232204,0.5494083437476349,-1.1692385332784079,-0.9275961696433613,0.43559033955968474,1.1245305932029863,-0.8795402551908987,-2.667672112778456,-0.6425537788959906,1648.0303496126207
-2.6326132652077656,3.4782663654357315,1.5942336755890332,2.5478973279536086,-1.396384127131451,-0.08018020515956992,2.386904604064176,-0.6340587631615159,-1.3416704044995165,-1.1009544001162967,2.888259185784894,-1.1473761273336507,5.005238924601499,-1.179223826953991,-2.4766723698837727,-2.0560257025021085,0.6656002959696383,0.7838014329466012,0.9761325943859938,2.7222368931242746,-1.8827425942370066,0.12578370851199352,0.6555768835536634,0.5324112878262113,-2.2879532554771544,-1.3831121307098553,2.712921107512159,1.7163434522495082,-2.0615878441140327,-1.0141228454604132,1650.576056657332
-1.4074927359475657,2.4363571385593312,1.178402358815898,2.055319318217055,-1.6663832914137309,3.891248847138505,2.052902503091178,2.8243362359445188,1.0792131833403744,-1.430213523642038,2.1498978973810026,1.4044422508554637,-1.8752176767596054,0.2478700999095636,-1.6387603049637747,0.30055526136604416,0.1235429127429436,-0.5234806193545513,-2.338057104156661,3.193577579884306,-0.8547569005419277,-0.3938614700292246,-1.5850756764597012,-2.5015258657919275,1.7257059905664156,-2.3109606177342394,1.1306266189240652,-2.987011523157279,-2.0508530880292857,-1.475361419414646,1651.3961196863938
-1.888702576339493,1.5121968049497705,0.5111156610327034,3.5122610248232435,-0.5636445271728074,1.1860993128043198,0.7063006103945298,0.8180292134333185,0.8815260804135301,-0.3536122612986221,-1.619558627929278,-3.0837745689248175,-2.6771296783035767,2.489306266718471,-2.9135081051180762,-1.8292966401957687,0.5680903503233745,1.4116739718171707,-1.7675344073797474,0.6877540958868431,-1.91418283286901,0.9249414991364355,4.123155163578102,0.5355076990291767,-1.6812672372335908,-0.9936390485984455,2.8896126692329975,1.4149705843271576,-0.699295234536375,-1.4997063076468806,1652.48339901593
-2.9331705518502433,0.9174361754332365,2.6331593738480246,-4.9362495972930205,-0.1465973613293569,3.370522393865368,-0.1921079416631335,-0.9308493189276766,-2.8495281466749596,-3.0740116956925583,-0.16028470637857833,1.4507375109260152,0.3345490433922236,0.2537790608307128,-2.5118083498634554,-2.510756114541437,-1.0112245468583518,0.07126227397662643,2.0969760109105833,2.163002918949769,0.6642875488127697,-2.027123172907029,1.2001811071631592,1.6367431235754155,-4.409267462730138,-0.02588619188489924,-2.2870388507683774,0.4615186713272603,-1.0193762056452367,0.4409392557559553,1655.8871155395123
-3.0560471858102964,1.98029930466583,4.773157038036099,-3.136152559967951,-4.893041878069864,2.370594008629552,-3.884791313955238,4.303171536353778,-1.4076107583071655,-1.4547948574798193,3.6403086010442656,4.538747648098739,1.4237493534269818,0.854762994572891,-1.8874053357494796,0.7104721933127992,-0.2974780697053525,-0.48770937092920685,0.08175259083316294,2.5542448577973844,1.8018216183979114,0.3829593412472303,2.5872277522912945,-0.03328645812390674,-0.8473839622817568,-0.457332650278579,1.480217229572896,-1.9822214683607775,-0.8415846728413403,0.850782670961718,1658.7446935043274
-2.753793893038386,3.269646716197692,-0.22668934525205087,1.408915999224425,-0.06430282155758493,-0.7244083073663449,0.32501972452662997,0.45016173301787243,3.4857877615571575,-0.2080176293189705,2.8801671975507004,-2.0575129773615077,1.7020507259819813,1.1341279187969204,-1.3586243503715156,-2.1684932116445435,2.687083422778325,-0.1033697915023416,-2.8470272474461247,-1.1485293950774167,-3.8262441773597824,1.3988628718387568,3.6277374689818918,-0.5737898501778511,-0.672792507625841,-0.06319909588817696,2.347738081453103,1.663241794519065,0.11800719135904192,0.4818373601494218,1662.502350454956
-1.4549413387171237,2.1432121700756124,0.9431353531981261,1.8693040218486372,-1.5566708616332374,-1.2592342827472984,0.28176073345189145,2.057332567672649,0.3894289699346165,-0.2946477863066105,-1.1574791223464476,-1.9457563858928157,-1.777216016985936,0.9204970134937429,-3.7526661262375973,-0.8766592424385602,1.0586557783004729,1.814277734502536,-0.9843273009293246,1.2536501387035988,-2.4822938878999046,1.2334617098347347,2.7302472148281325,-1.3359720245837459,1.8545788485724695,-2.497914174009977,2.1764911263984277,3.2181499922261247,0.5394014328410275,1.4329728016158145,1664.2901434234454
-2.8188402170636793,-0.7182945628035091,1.8878269470989784,-4.886322208017891,0.28872952996675005,2.4319359015073707,3.693154686081859,-3.0865306932452334,-2.4033492239664462,-4.057828725669487,1.3104644610394902,3.297479367496351,-3.394530480937903,2.261327499498135,-1.9253263510163623,-0.01377067851177416,-1.4227378767086274,-1.2648557055003575,2.349949578805956,0.8432654065367473,0.8374482340280853,0.23258633133632378,-0.3077182557923688,2.1696758349690644,-2.426915144646096,-1.2310079171883355,0.18902364116843962,1.3078421205499724,2.2757580407038005,-0.010458653829421571,1664.905518240185
-2.2709304254182046,-1.164370237276996,1.128880881391754,-5.11790467633395,-2.497169445462038,1.7562953901027114,0.3517298845489549,-0.0840615888162351,-1.024229742355411,-4.502572820485717,-0.3456072964057434,2.3340114546211197,-3.7733411224640294,0.5222740141889138,-0.5887534040399213,-0.9793617883654759,0.8504926258796107,-0.01860102392271218,-1.4992902178530383,0.8755787800688104,-0.8285876309219176,-1.7053352830894775,2.808839254825341,2.7819346583707167,-0.5208734325070505,0.10998871426513179,0.16911728805377488,0.9551475816612254,-2.8352532085557174,2.755737871440069,1665.691825660047
-4.583845093467367,-0.3476916038469877,0.5522466303455577,-3.291228959015925,2.021582860331347,3.2252685966437955,2.767792061580666,-3.9563061443665557,-2.341997791517814,-3.4321549222518066,1.033134909649652,3.686974549129962,-3.204992511602619,-2.7487407083553874,-1.0060830954129685,0.6750223996433777,-1.1946590134250092,-1.7059061609117978,2.2158188931408023,0.5842196480900419,0.47953049289041555,0.4814687239386193,-0.1382488781540263,3.3083028937452243,-2.67314559532328,-0.8975900555312061,-0.05298997568910623,0.6062426441593929,0.915385901757757,1.301823249757235,1665.9063583685513
3.564007971378564,-0.15641195649002415,1.1444039880008787,-5.119907588516853,2.4540074092378665,1.890649218397865,3.125941928494676,-2.5752771007291972,-1.1498792197114438,-3.992340848544683,1.2190995558764754,3.2962672697259188,-2.7141770669098317,-1.5938960034452958,0.3170701944602443,0.8531281797747181,-0.20976876555713575,-0.891954793550658,2.086043138336688,1.6343408865887512,0.5259877121094676,-0.2935732559342089,-0.626248997273475,5.02088994025094,-0.8192842874206336,-0.8173617489245315,-0.1418544624725931,0.6145454655222892,1.2876827037828549,1.2019273646620618,1666.6713078472926
-2.1658778146745234,-1.497695048040958,-0.5979413310578777,-2.190689848542082,-0.7971932273276915,1.74756164920856,0.7215147257527177,-2.708122047056924,-0.8646899135456817,-4.770679822796476,-1.3098975104976116,-1.5902872420792042,-0.8030897958750762,-1.4458479605056658,-1.2912794941444155,0.7674201510847266,-2.059656350006625,2.3700025847942303,1.9708033337041653,-1.0337869108246744,0.2915180013594896,-0.8994242726458818,0.5251859992334462,4.125035569860126,0.2569635959584864,-2.8182547352145777,-2.2571596414682773,-2.3170363951616264,-0.2179892408434625,0.03748855669223672,1669.053198537093
-3.201432932931058,1.9849545937257083,4.232650022615422,-1.9371801534408055,-3.6170450045768425,3.602492522426237,-1.5671727083718363,2.897154909285747,0.430716298111533,-2.3545182610136077,2.627159910537503,1.9801903779207628,-0.30828968829189973,1.3591884468623918,-2.922819868430037,3.042599766141512,0.9701629890288977,-0.9625067954294207,-0.45909004457400393,3.5188087049449814,-0.1709735949444421,-4.071890882751063,-0.3010020172337916,-0.2540191017210084,-1.166848808938064,-0.0901636855074831,0.7276049476498436,-1.3542715492871367,-1.7032926513682358,-1.0680792799999819,1669.5423785106916
-3.7886661588848622,0.012175556648035712,2.4659387038246128,-4.560954981088063,-0.21640694669082783,1.797314106797848,1.319554491563169,-2.1505478053905978,-2.352725750012655,-4.935879310585478,-0.2890080191089677,1.558656981626352,-2.682869648569487,0.6928665484931151,-1.442533318914018,-0.8631742643332678,-0.12531283456962294,1.3688910404909118,1.0668025126872454,2.5309185786115536,1.4336286623894154,-0.9708362353677185,0.536599988206694,4.487809675512017,-2.493939255563774,0.4278283847836725,-0.15234416472269918,0.41804160525765965,-1.764534310704561,0.9160011146942418,1670.4133439830723
-2.5816722795834828,1.6995055719480696,0.32692904422309754,-2.5594956538960973,-1.3150201212176322,1.3435701688970794,-0.06590009283100073,-2.2094197208198776,-0.67884852974548,-4.219556459007825,2.171533128931968,0.5645479035867598,-2.25895272170877,-1.58137776355291,4.942374362063325,-2.86702556524074,-1.3421703589865706,2.0803658698763146,0.770760303918781,-1.1423717860488705,1.460313822456066,-2.541053014568818,1.115335086596475,1.6168704469936928,-1.7172801022892,-2.9135183943190044,-0.44640985856736576,0.584725922861864,-0.05634774835620315,-0.305902166514501,1671.0743870755107
-3.0482452286347006,2.7530593713258713,2.9171346936570597,-1.9474923479260684,-2.329849320334241,3.3075650822512923,2.5374855268197525,1.1642355285739239,0.5796797424236451,-2.2694550431020715,1.054834216049012,0.9757258382486398,-2.1415110013553083,-1.2769517400195998,-1.925280817748444,-0.9912072306354172,0.7801219683912449,-1.7720559231870108,-1.3758399751477075,2.415382901702633,0.6453434338743205,1.291160056338621,-1.3518926342602358,-1.2099752831576125,-0.7917873936103055,-1.162880717592483,-0.1856047201518557,-1.5945249346542854,5.09345249556284,-0.5474761248290545,1672.217101601784
-2.836430944821876,-0.159207641996013,-1.7921473755358508,0.501957144440645,-3.293132048043994,0.1374155733247231,1.389429948226595,2.271119463343501,1.1699541289491233,-1.5364292992194626,3.429893686033009,0.23917728765918111,-2.3757029471631808,-0.6818244025304653,-2.0557257321659197,-3.8554985927339853,1.877926946700781,-2.5965950671350946,0.4374841036882664,1.4220334696797023,0.5327314924592228,-0.4386585676888612,1.2111071339134734,-1.5217271443992886,-1.217674420855176,-0.6517297801017055,1.1403581338641282,2.6007738730367316,-2.3073747843774144,2.872773997304536,1674.473933988509
-4.546016797833705,0.8948977129237341,2.3962155428290624,-3.8777751726346947,1.253971796058405,2.3058868957036736,-0.09193722826991424,-1.9318421968182693,-3.171356659535302,-4.879980542696529,0.11907426595069104,0.4792106550559426,-1.2421308366894106,-1.1962125304302953,-1.6915830357752237,0.4986487630805442,-1.7895432973130112,2.0074259564281007,0.6447417139478311,2.2325374178628734,1.7363190785398812,-0.9642298601235776,0.518811770441116,3.5719683364785157,-0.36286369828494336,2.932469203375044,-1.6605355880886623,-0.6057785552431137,-0.30962842248972766,2.178309144513782,1675.3463688567533
-1.3142010909748796,1.1338974998386957,-0.7096894551664756,-2.815768048472095,-0.024470827057793076,2.005561739527836,0.44284567959561405,-2.6332453995893577,-2.4405372700427668,-2.657768957935101,-1.2426872890956993,-0.5343621951132752,-2.1349869152022416,-1.2471771096075797,1.0494536739928795,0.30182161799265694,-0.9425478583323893,3.091791705438377,0.8507973700826608,0.47339476137014747,2.5959820045762116,-2.6890923988841267,-2.2199586894265817,3.6122152498338878,-1.9823944319028597,-1.8549909689939537,-2.028624029509287,-1.0253140879551268,-0.7279491032585719,-1.1173291662903226,1675.7693456397985
-3.0093024453269566,0.2903371325216204,0.1587133890583885,-4.4954369176908,0.4948848224099094,3.158408769417482,1.9054093099281535,-0.3954969292014917,-1.681846086604385,-4.704082312225137,0.46611088136272655,2.452065288965378,-2.51071982476248,-1.009358657043009,-1.5613072789424212,-1.0825695472994763,3.0688465056770697,-1.1134414173981493,1.950841931021889,1.5625422248312058,0.8346486811442818,-0.6704344983443447,0.19678028776682344,3.246014514717208,-1.4907902238640218,-0.3102895707599211,-1.6571838924722955,-0.42488355404275846,-2.6064859977374875,1.9571221576795863,1681.7337978589003
-2.9228856280907616,1.5634739812275862,-0.0807817130140358,-2.4097922702731536,-0.49964464489615645,0.9279164517943657,1.0659336851110346,-1.8774793514976307,-3.0395678135416455,-2.349960493613879,-2.575856105076676,-0.7680757119590376,-1.8142126577513669,-0.7860942014847019,0.4970390918729757,-0.7121984903190671,-1.0775870856014804,3.2252515537814155,1.4362443209936349,0.10097560962093088,1.4153735384623283,-3.6957216924300056,-1.971182180713595,3.1113579098778286,-1.8557173193921168,-2.979625373585962,-1.145575231951943,-1.3221159950324695,-0.2590224273939651,-0.4825082252682103,1681.8096557248857
-4.94824651063534,0.38163881442564923,1.7837621277651055,-4.034715453334201,1.4257616233668684,1.894738453389536,0.9310244496171081,-0.840657906079144,-2.051327287832352,-4.482774399602358,0.4082745444499375,0.9314913244820502,-1.0261236552413264,-0.7946271490310177,-2.9277259204282435,-0.005567020486555663,-0.6103216452016953,0.5387306530575994,1.6113953721938619,4.0494608054458014,1.0382847385479648,-1.6491106751444824,-0.6231992464247116,2.8827084327515426,-0.7541019478632265,1.9808910620800402,-0.7856826745215963,-0.10841802404565959,-0.6117070739635659,3.2305346087347306,1681.9088143317967
-3.1716235643019384,-0.0712695082751218,3.123911627214562,-0.90185377487911,-3.9026177670560847,3.197014452652982,-3.6711303350149795,0.3636713735066528,1.5497928091143498,-1.6208135280920106,-0.07647347182550568,2.5299265422011263,-0.2557726821075519,-1.3849517316164788,-1.2101890294297644,1.406625026918637,0.2795637125984278,-2.689144318898711,-0.441833252261265,2.7988142162922944,-0.38207209805028425,-1.94293679649877,1.2812159391986633,0.5410512256156244,-1.2809091999960356,0.5646134690241487,1.480063651420349,-2.5114942129401143,-4.019402898582585,0.9099394662383634,1682.7481591987246
-1.979820999486829,3.2406413012696396,1.9889696537905164,5.031125588484464,-2.9603532642692594,1.9830672997417609,3.9099516719435083,1.5426035532820253,0.05132790149934624,-2.210838712490701,0.07325215191539147,1.155622184009304,-1.3912202641801228,-0.43668322165304657,-3.3331559891800593,1.4065686437335096,1.613810885098593,-1.5612906978751941,-1.2368917414838694,3.354703053922876,-1.3147698208219083,0.9296054702782555,-0.534927650279389,-1.5295301364188818,0.8469237844735767,-1.983979573654686,-0.7728193923257896,-2.0758856471859373,-3.4379096629421086,-0.009281361617280761,1682.7869128251014
-4.329655072195842,-0.9247158034172256,1.5743249123331524,-3.67381352571701,0.21197815628994987,2.6912470144994627,2.2396854346387975,-0.5357882330473103,-2.775944021502605,-4.892555907827865,1.0422137654699615,1.0310571300993185,-2.1154965577941427,-0.23056130461955526,-1.1471197826789077,-1.6690453576464281,1.75414312216913,-0.6751097539024361,1.7352503793161613,2.5706728071724134,1.5318713328255944,-0.17084849638560434,0.40928761012305687,2.9963914376370986,-2.2024032480106097,0.7204211318113536,-1.8383460320367893,-0.6005266986316797,-1.92531462632803,2.593315272472277,1684.139054217242
-3.205607896700144,2.484097740937149,-1.2585910586652933,1.2533302045957975,-1.6633651535154166,-1.7157053628857724,2.2060294501745608,-0.05083861505832754,1.393035064285594,-0.8062265841438543,-1.2518429192687306,-2.8242559775194476,-1.8821178622104007,1.2857324210943253,-1.4815767944546536,0.6780910944116343,2.398851950721924,1.4180594040618413,-1.7329117979109763,-0.7747141507550024,-3.024207745606372,-0.5422406538927163,3.1784536753119017,-0.2603204127888548,2.0610752771485963,-1.6588485982345307,1.6999161347482625,1.9805891386088463,-2.9477057795337283,-1.692228437595082,1684.727107597054
-3.252615189779413,0.7895067912017287,2.922051279483947,-2.417967718788915,-2.0594658274522697,2.527226976533839,-1.1623272077283986,3.4858315540163867,2.9159089540440104,-1.7195931540361284,1.4383887796314319,0.754483828022403,-0.8941813924592205,-1.5696938757880465,-0.41196902454777184,0.23797325945182846,2.2053556186461627,-3.16331420171894,0.606011229783755,2.585838792042381,0.8931959593731327,-1.025511924997692,3.3550414905677837,-1.8116300665996525,-0.45643578443112265,-0.13785510427684933,1.4808203228843004,-1.268602263699047,-3.638556536762893,0.011708898215943009,1686.0148855837306
-2.9235292272876556,2.7630140249065285,2.8783410793389543,-1.2672865300985212,-1.8846113020134097,4.176124622458454,-2.289061724520904,3.0846679754885775,-1.3179560612882342,-2.2304981761071434,3.058987498251442,5.110526027607461,-1.3249889721776194,-0.4542404360517843,-0.7389724557639644,2.2096934089431794,3.286370027417953,-1.7235081716166656,-1.6402411280409392,2.4145247634121905,0.5372070010072838,-2.113382977742188,0.6295422247060338,-0.859497875217919,-0.2941326041730039,0.055450333529384804,2.1497417198450237,0.1603837457249071,-2.2520340320386185,0.07879023320900322,1695.0045254648953
-1.9701937451508462,3.174420541065441,1.946372384134523,3.024093345636793,-2.1639596569828035,3.0245639807464153,3.3234627590612402,0.4681523330794033,-0.3912889555657272,-2.793192236238217,2.3721585633877424,-0.1636303408001396,-1.6789256076969754,-1.5617698865605032,-2.7138010131652144,0.2615402257698225,-0.24436931128283712,-0.1655557877352036,-0.6898596905116725,4.646363692589485,-0.9915088061103241,-0.269175717729122,-0.1330426881359288,-1.5016699226262196,0.5395303303555736,-2.847595203303412,-0.07974502903169925,-2.349277795142874,-2.8310425122442946,0.906529703009339,1702.3150023114345
-0.5053266384246635,4.448459882621297,0.43019810283800175,2.461060980822487,-3.5255576326589266,0.1722297635507154,0.722350622835346,0.2732441958025086,1.1315355513562289,0.2527384554989831,-1.4376620469790127,-1.3237118137967538,-3.4432581210904436,1.207599883447394,-1.7899154963179298,-1.9435430126152125,1.8274134749939897,0.024235958624492238,-2.953256771476986,2.015352464691919,-3.0510259085979454,0.2598335928946218,3.37808402944636,1.7731090614052296,-0.4511464557449798,-1.7517669174538655,2.9703919557555243,0.7563672911510504,-0.7682457232338944,-1.1221816027005955,1702.782399355583
-4.601037209340504,3.4461670404494438,5.11410375925551,0.7235017759835917,-1.769012973399596,4.626798545577472,-2.693359121334906,0.39939775725886095,-1.3309116863299932,-2.0087674109359392,1.3500502540224888,-0.8118384081632064,-1.5472650089641928,0.7932690214888151,-3.5370399127421552,1.7182917387175278,1.1400884629072687,-1.907826310756755,-2.924336665534504,-1.0055029339695538,0.6594734579513908,-4.325567430102469,0.22051356985448256,0.5397302445443162,0.04251873694426345,-2.3603247361603374,1.7524640800754971,0.4073858882389618,-1.229357737845092,-1.2618058490764874,1703.9540703432954
-3.4823983134251693,-1.0583293377448502,2.196411645192793,-4.466136597158937,0.18892378945596577,3.3819749021026637,2.481236414937574,-1.8167257741791945,-1.9985538875867244,-4.613648821448718,1.4430249506247699,3.482532299276807,-3.990856829168104,2.1160364647542815,-0.5707248447968821,-0.20258598279419032,-2.931140929504316,-1.0245496153600984,1.4150556877103364,0.10957051425075282,0.11840813116029136,0.12201139874083873,-0.5165575163167023,1.8129744958348377,-3.971050168577114,-1.5721371999175104,-0.3167976407577181,0.08954321738673227,0.3285902696770948,0.6468512414484944,1705.4487873643184
-0.9620633910740781,2.9773898031613033,0.4068159807734464,2.590024538521358,-1.7871250967392291,-1.6051883605749768,1.1359670669958686,1.0171390245423533,1.495922233539556,-4.175857938028244,2.2958159075508626,0.4211380441561,0.3790003101228383,0.964361968794896,-1.175782848656986,-0.07172582710246422,2.165527797658943,0.584005476169599,-2.561439750595537,1.8859267456572726,4.6437679273241175,-1.6272958624320681,2.6217203267398865,-0.4048330986983414,1.2837641537016182,-0.10938229563908794,-2.6683610708058283,2.0521410071321413,-0.4466315135958183,0.5566058207934368,1706.5957115666636
-4.584411291535538,1.6195391017494203,1.3462465338217426,1.3099923152137758,-3.22775310710155,0.1262865133815092,-0.21619492246763106,1.7589494829990495,-1.897747349436242,-2.6268177569589857,2.097393627626872,-2.70409920317715,0.19792569625669815,-0.9477498202620672,-2.3173852973417515,-0.14896207865544742,-0.3642666282542315,1.7928318100444764,-0.2929588032775847,3.036874496665802,-1.460826840736288,-0.7692427961355793,0.7868625239557177,0.32651895781818285,1.4617194257151354,-1.8372014666931165,-0.7190586388647672,3.0924746031610675,3.7575101895495693,-1.8806079380968308,1706.6579214701178
3.663695406361785,-1.134086309592628,-0.6480998106734431,-1.210506358938895,-3.5058889090210745,1.945279647963131,-0.33944407319840886,1.8290288808657544,2.917606534996949,-1.4476397378590653,-3.5583499404274486,0.5176691405870086,-2.8156173924400387,-3.5601926834683235,2.8465053896769352,2.752668196359468,1.9716323199882295,1.0032701920623417,-0.04044021623720608,3.366901444384864,-1.6530871054158716,-0.8784481154917023,2.8161368906187785,-0.506770098017478,-2.204351764143554,-0.9838425568375636,-0.5258785619927333,0.36017754835402677,-0.10236156030493282,1.5977527935727045,1706.7136383595694
4.807196682692466,-0.45135838451260957,0.8935716117524632,-4.3441296975652275,1.0660675941112194,2.418787824275376,0.9870121542315313,-1.246646917638843,-2.371297609689814,-4.972540781725721,-1.4617539300816809,-0.611179972320549,-3.436162926532513,-0.6325078244037314,0.039628158645203415,-1.199028700033916,-1.046525893482192,2.19836163949154,3.221962385525037,2.1945759971531795,2.9048622459913194,-1.3718459279905657,-1.5416490452316032,3.3446756259735726,-0.9581644828326048,-1.168698664041202,-1.0503908568034293,-0.07832897172216685,-0.1228257826444914,0.5681750042477689,1708.8864873969808
-3.4252691655015908,3.04053954195334,2.543402334753597,2.9185175694464305,-3.4992381857866177,2.2665972710688407,3.876371421591968,2.4951247795356206,1.312428401716688,-3.4194583931805624,-1.4065642843095052,2.022785464279173,0.7913043008758851,0.5098966116806318,-2.4112747260776293,1.6211960820947149,1.4487114355971653,-2.0553042425480847,-0.22224908246172925,4.250441993509805,0.38069640675186883,-1.1338028619640226,1.9529186699318464,-2.8702188768473924,-1.8871571160591918,1.0531190140394506,0.2217566138474062,-0.9488579945416497,-1.3535918079695466,-1.2474099026069556,1710.0361619798032
-0.46692255298509666,1.4684387298001924,3.2283460888163167,-1.1619822091877792,-3.838766353250788,-5.086631280726546,-1.6720406017141338,4.672086063909354,-0.5202907893688427,-1.7117108593228476,0.46141616305101474,0.8378386002782146,-0.9880964876209726,-0.5533337217979164,-1.6038726149978233,-0.2361241850391662,-0.18254296133019077,1.7754827997020124,0.8490295409954011,-0.25184059994729324,0.6250863810952322,-1.4778401867944164,1.7217323650779426,3.0114598299421416,3.6884015476400336,2.5425614970219512,1.671771853928487,-2.0080082567252493,0.2046357869619938,-1.0915767940133996,1711.1451247372506
-1.9611271578848997,-3.6812310525512486,1.1677649692052912,-3.6056376945596025,-5.11716397513662,0.5862557720150736,-4.592734455118732,0.25684257339469063,1.2144795103022352,-0.027200014559523894,-0.7038121648130939,1.88487945387144,1.4501351654526886,1.4724628088540963,-0.7102896973092405,-0.8729602086643042,1.0598705760489657,1.2407278949339544,-1.3830744810267825,1.449509845658171,-0.12226634707936845,0.73235432453131,0.8793668123524656,2.0054878377717196,0.9008788736999382,-3.1225936553226745,-0.33174137098932943,-0.5549715604571099,-2.188475219562476,4.201376016791997,1712.4674127950673
-0.25791558744726206,4.270544456668873,-0.22071259830806111,3.355409123772094,-4.738382809260977,-0.7893351761143832,3.3811621894596935,2.4746504869580694,0.8466499912163206,-3.9386534123006003,2.4996478708925927,-0.33826422905071796,1.1115615694569512,-0.6047839396203153,-1.6543039028743523,0.25931153337282675,3.41208979462177,-0.9284502687554917,1.2939858419040227,1.6529836895529644,0.18471692135865936,0.5904419950120159,3.338414674098102,-1.12948379108287,0.060596786930763535,2.713588149163831,3.2527543403371624,0.03715660037510404,-0.7081538222576662,0.43858459063925703,1714.5382212358516
-1.6069350386078582,0.6909767564994697,-1.2544327371865602,-3.3543070961240864,0.6400854596964655,2.474788378443007,0.8318168113092969,-2.788814744319194,-1.5493117126714728,-3.365752019869735,-1.444397018191015,-0.2623622444939176,-1.0539608888595617,-2.44666372821402,-0.3322744055336365,-0.05404142543955679,-1.9251900344443351,2.61714970572495,-0.3285227822302209,0.03057814508170692,1.9290437384000088,-2.2285933254331787,-0.9533719235589766,4.45391047451674,-1.2021139734357271,-3.1754927460746676,-1.690027520889282,-1.2081356894534174,-0.3978125972901245,-0.4710490439311859,1718.0502463783173
-4.50193207603651,2.3619614801728153,4.04540450655784,-1.314111026513629,-3.9864199751206955,4.18055383998947,-1.5796004893967746,0.30592809785210295,2.0910000809014146,-1.9823331953601357,2.5862242241454068,3.800816371712041,-0.05690691183509755,-0.1512123768017518,0.8697023903343419,4.677154047359826,-1.198642802821947,-1.4268136344179623,-0.5670539450691857,1.7469298912312388,-1.7744208789008042,-0.5681891768929886,1.446081611847763,0.8619663727724259,-2.323042800477844,-0.6779845149624193,2.6501700213303976,0.9189927897509038,-1.9914210484909545,-0.0010739665315544489,1719.77391427612
-3.078961461030691,-0.5882403781161812,-1.4439039083833594,-4.490396996931962,0.4415199060409354,2.208301340478166,1.4054011384197118,-3.8182224840867605,-2.207715360681477,-3.001549073609822,-2.1946082530207676,-0.5277843416510866,-3.1020070469221843,-0.32380401753251337,0.372351933096851,0.45177403739519406,-0.5463758432535388,3.3742390302627436,1.7999062635939174,0.9583802713897316,2.283277950034936,-1.340081103754061,-1.3216017754638347,3.2841477602702875,-1.700835617778768,-2.3249215636984233,-1.3948394627096208,-1.8907768314230413,-1.1522785615750426,-0.05626575007090611,1722.0005655821549
-2.2089617140023794,0.8855293362347357,-0.6604466897936228,1.2694945701640126,-1.3992421430117765,0.9925259295893805,1.1349871055586518,1.4364285712659997,1.426776663897294,0.1154055096620003,-0.5557937554971828,-1.6647639484793282,-2.712275770215757,1.9504139809283978,-2.0905607131906248,-0.5569999753344108,2.179350606281879,1.0518695032171563,-2.173736497640923,0.9456626864187878,-2.1335641813568933,0.578705224938654,3.880178861192178,0.5884553507746948,2.8324707505922033,-1.1382385787742064,2.704163051249744,2.1759213352054725,0.03940616443756206,-2.346140481238081,1725.2666036514072
-4.024777645660909,-1.0828765048776177,1.4965511750893874,-4.473337206780319,-0.35972785266767104,3.092535405101084,3.3528723172657355,-2.3855504715852787,-1.999728610374839,-4.100389643015458,1.6618236041833576,1.6611761068589523,-2.533063255093655,-0.9098397548923592,-2.6234388636825834,1.6874628021488172,-0.8370142501413207,-0.6877425891021312,1.5501775810577096,1.1068668932426482,0.8631459713839482,-0.5132329154214975,0.2690003889671424,2.8474165273625314,-0.35159148891805625,-0.06774200794544738,-1.4783221860581055,1.7320913337414336,0.8409827574224131,3.879848567163612,1725.5728085883077
-2.6328870242476023,1.0956891831422824,0.8232894998462106,0.757458876174295,-2.2823960015102345,-0.5818472160565755,3.127862154335343,1.272349218407178,2.576285243030516,-1.504204239476017,-0.5886572766396158,-2.923593178084951,-1.1099434341011367,0.9699756049838126,-3.3063604414135597,-0.14492936287714517,-0.25609760553164296,-0.40946398262696226,-4.146717054479767,2.3164867621616714,-1.4261292117751094,1.1034636219846012,3.126837689893623,-2.3194816215201888,3.1196908206352774,-0.25804836232546535,1.4994950693711155,0.45262503450562463,-0.42898321913691784,1.2098727304179566,1727.8173250240552
0.9813554147284478,0.6374597383775708,0.16301886218081874,-4.046195597136369,-1.1055816897482325,1.3115428664467959,0.1983183275145477,-1.3355267242073503,-1.4895187089644466,-4.824986988623694,1.0438474442802077,0.4157171123057255,-2.0843486627611294,-1.2371962572967208,-1.6088369134319151,-1.5363776964404108,-2.4710775684819395,3.8736782607045717,0.6824719154397452,-0.47133077201751905,1.2096541231074185,-2.9379432777982393,-0.38286971293023275,2.5690262650446978,-2.0062200325616137,-2.216157576160337,-1.4895629953056124,0.7215243407643829,0.5670048094787394,2.0782112963368835,1730.9329690520296
-4.741818247026812,0.22983081895222668,-0.05217332517937978,-4.927424465803281,0.1261905050820196,1.5640328503419672,-0.6824833967952699,-3.144939353577289,-3.7384134983485167,-4.314578770643214,0.4435340819521596,3.4558180775680465,-4.250386145559099,-0.7977211774511475,-1.426384692147081,-1.8026010773310959,-0.6207287460661819,1.9455219276012952,0.8334130752539166,-1.0432594405086395,0.9969891169172025,-1.9355919788820728,-0.16559418149392924,1.7238387438848504,-2.918974596507341,-2.689978624570385,-0.7681678099233136,0.19328801701622778,-0.9922145620866861,0.2351490730772845,1733.7713709648224
-3.840240973861645,0.3732244997046251,0.12504594944352698,-3.810112016538748,1.9032854686513432,3.78337541050821,1.2874880960494999,-3.665103441020669,-1.7636053297126377,-2.356278395727609,0.6167780343934162,2.27903829787803,-2.598250974083692,0.8683932067020044,-2.795853256606421,0.6306041070307253,-0.7128263891221943,0.23397866489346492,0.005741955380494046,1.5995127346581808,-0.696449505808194,0.10543676498123994,-0.18919361084321573,2.9977846360042864,-0.3565480353054302,0.8065250698853471,-0.9535617282501253,-0.2063551867019191,-4.924252634230061,1.0535707563664953,1738.2251907900804
-3.1903988730828052,-1.629271033155062,-0.24093793061838675,-4.701284624492795,0.9070570244341959,2.8042581008579948,4.1306080931738,-3.536049304934814,-3.8026538684670257,-4.294376404382416,1.5303615311881982,3.091874320973607,-3.549831194059,1.1881306115688486,-2.801022385758208,-0.38894369062797485,-0.5071331049569414,-0.8656344185554181,2.706823911280181,1.1961170873467812,-0.10893849367216143,-0.0352288818755514,-1.0979626451449311,3.1036295486213734,-0.9810910292907783,-1.7478634843349004,-0.6663596583033433,0.9592021497727463,0.7071229896176083,0.38619598189138205,1738.641665683354
-4.38089926638758,1.2409744295036895,5.096109813378163,-0.3243787179602947,-2.7422885207193053,4.391042868756601,-1.3550176162936438,0.08951435849969924,-0.8958957768832891,1.2485165900514767,0.43179343693222944,1.5138651926379851,1.8684185883597066,1.2354409065225667,-2.7628454001010576,-0.5241034623635593,0.7285170760578614,-1.5960501312747226,-0.9966392422105984,3.200597568963297,0.643859758888519,-2.1575282317229623,-0.9416705098631277,-0.21895706538909965,-1.3095532969056225,0.6150274330625641,2.4088842433589375,-2.533590034995637,-2.583223544513263,-2.832665820452875,1739.4568970895461
-4.969979384357031,0.4137352955945714,0.3658720601744121,-3.446403158704242,-0.6801941414533204,2.1203868620585515,0.8370157994662688,-0.5373839374385696,-1.0036997825073344,-2.754017127353104,-0.7183956975226864,-0.6097163430272362,-1.4434575655236255,-0.12459247572709309,-3.2410829584872247,-4.2743555169938485,0.47857933825895405,-0.20437147497020608,0.9824769121239659,3.3496364636861156,3.2116071247071307,-1.0965396435595807,1.3608867248017364,2.625137447135258,-0.13363087639129045,-0.33695927807921244,-1.3849005200884545,-0.2464587463554469,-2.7480542589545838,1.6889984952144723,1741.6037339171837
-2.095360411857459,2.73065019867469,-0.5188992783862907,2.2927513370931893,-3.8543233378688813,1.6976676736118432,-0.2512481888934526,0.7748481690062289,2.864228435920149,-1.081129571309367,-1.5624076228146049,-2.220859678129239,-1.3570572659705293,0.7261274862548808,-0.5485197600934718,0.14804586724767493,0.9599800863830401,0.25685412350044423,-1.570680919024179,1.7765547166505942,-1.1175130786888094,0.3709287333707574,4.849336852181313,0.0305384908190571,1.2168239121671114,-1.5252627328502124,3.7258425080891833,1.8440088831491663,-1.9509395299369208,-0.836801644149148,1741.6087542597488
-3.262516522293926,-1.1857160901676431,4.940155579187102,-2.2261504546859094,-1.5207144088836277,0.4483059418580324,-1.4940384789497203,2.4165952142407257,-0.7199356900925733,0.9065271391786469,0.680128944275007,0.484067661171371,0.9018603512941785,-2.348963896530377,-4.7652633000926965,-0.2783384599269274,1.7762364075588377,-3.0906189044769854,2.07636313994443,2.4818924087337764,0.48688340200433344,-0.8860999015962102,-0.32970061085873503,0.3738912407934174,0.7998713274245743,-3.3141810776458973,1.9565414407060793,-0.5981730646125027,-0.9592865813128738,-2.641398703957301,1741.7997102456284
2.4297496634002327,-0.33564118833811785,0.21661408030486617,-0.9858867685581494,-2.201723523754909,2.2425842686321844,-1.6871116196006648,1.6514422014256653,1.6427283621194402,-2.702147652754292,-3.8878942811437196,0.5930187481679695,-3.1997747776958927,-4.6988589532749945,4.03218864007438,2.3940125551804656,1.9085867376313481,0.5221227925936889,-0.19655630221409504,2.8419547132446636,-1.7552050867697186,-0.12952686449831685,3.2619592095280048,0.16351149785493846,0.6882177303127894,-0.48615012099572225,-0.5141299161184664,0.45617568674672565,-0.8322099780983314,-0.1855589759051457,1743.5026833751792
-4.943821230608176,2.220095676714476,2.5173495214804316,-2.7181941074057545,-2.5435762394735626,3.0021395412757688,-3.1166132135109854,2.8616111545632346,1.202488230174835,-2.072180027777613,2.414107376078957,0.6161920976563302,0.10600408095329195,-0.45111062748932884,-0.5461444492600129,0.06410782573906787,0.30425001036194,-0.7235125385213107,0.9005405794329284,1.3526756205909984,4.089303601025376,-1.8537640523540144,1.8648662195785848,0.9633066109221451,-3.487722480240631,0.9649107801592678,0.9332573346492367,-1.092482602668117,-3.177674529975004,-1.2216823062167732,1749.8288467747993
-2.7951297516719533,0.998439502162541,-0.6865303266798534,5.116469079831593,-3.6111376538592648,-1.4005227040754105,1.9899424868448559,-0.4646744252963946,2.543363602418937,2.182947151727378,1.5418363332041187,0.824777018024808,-2.07703287027293,1.4717469813286672,-3.901941095223166,-0.8845895205486515,0.8688604700302001,-0.2107622873172712,-1.7410160322978276,4.077751049993083,-1.0082802163249114,-1.7070428609037676,0.9978472011975001,-1.9320268701982104,0.8679192791715127,-0.23184832113189535,1.4108768779153407,-1.0612147832244405,-2.6383991623299736,-2.270121107816642,1753.5531827614832
0.06011372896943179,3.573386364387241,0.22749124731996373,0.6165154841885925,-2.691071039019623,1.3671204895499014,-3.606370734834947,1.2678740410494396,-1.3807836849609858,-0.9547099599428368,0.709985077742923,-0.27263608817142715,-4.3130614713464555,4.369777930601049,0.5038471211088067,0.9218008642427512,-1.919884784145012,-0.45024344755321843,3.028229638824372,1.7620368123343904,-0.08640912407264076,1.2804109688657952,-0.3859852036836308,2.3889359913103174,0.6374780262834763,0.8122209370977443,2.6808481768957497,-1.5838335557652388,-2.899570986982444,-0.3288931262622974,1755.7380241604612
-2.6708956098956946,-0.48241845103185543,3.6383047621530817,-3.0012964551283696,-0.6604120655367676,3.523462998123349,-0.9877035267443892,-1.8204709714031992,2.8124116973378843,-1.0667766600381718,2.597923194225966,3.6110581430347106,2.212397148986789,1.4635857342857237,-1.4866799263907873,3.1389437677841308,0.19160237863784113,-0.3694504627315598,1.420239362180176,0.865422981363196,0.014446667060089097,-2.0611906236070907,0.09575445106485503,-0.2548185048153699,1.3308575663162818,0.5765192884134008,-0.2334018020850172,-0.07560431391384881,-5.06402415867608,-0.7610883707516156,1758.3007417170156
-3.494368607786386,0.16047776349677867,1.6972827711582767,-5.083097735054733,0.12787221947293903,2.8378398540629273,1.5127364929966476,-2.8758481224169756,-1.515784139112026,-3.940240023217102,-0.9317750458519917,0.06614968345352587,0.5653834408723859,0.08448439905727934,-3.0245910382907284,1.26556621100965,-0.08102592146547216,2.3428082345237704,1.820119044470785,1.5472601022651664,1.6434250466816394,-2.307460696900888,1.1898025119352025,3.7181456959773103,-0.020580420631219287,1.6055509230065788,-1.0571753690690642,0.6348363852114014,-2.5123416247091352,1.9525871505240158,1761.3333066859195
-3.3836519851841325,1.5933124172453146,-1.378862499317688,1.8129326644540873,4.976627269468269,-2.868247508393273,1.3944209732239612,0.21348492883755343,0.18769091434164709,0.2517194867647645,-0.7688644936581943,-1.793953025266432,0.5115180346152557,1.2783767929629941,-3.991572218947567,-0.4666175626821072,4.36384162306262,0.41197748438755355,-0.12333113667569506,0.7847983943769621,-1.6694517611542037,-0.519253848402932,2.6686367110205147,1.264475690005524,-1.4107875343395277,-0.8845496253001608,1.5914211249261188,1.3549603026370698,-2.811870467863829,2.5850884346235254,1763.0608088240492
-2.1685398131117957,3.3867161545630355,1.716779705078888,4.844388395986324,-3.048947194245042,1.46602866772525,4.123437613134955,1.1423387977872284,1.194541212414818,-2.2785095248954805,-0.8646388037349819,1.2388511973895016,-1.0433647814712839,-0.25786639344562146,-4.388700249061795,-0.8171542426073657,-0.753438804882855,-0.5753200065557059,-1.8878110077797228,4.595722176638864,-0.10874094924928901,-0.0031365587579961773,0.3481686799387314,-0.7029076608309492,0.409233875333604,-0.7039495416866963,-1.1436571036277385,-0.7158348896011888,-3.8764282093897973,0.7389822506672481,1764.786519051574
-4.803260628265391,-0.6697707687249035,3.0645496157186836,1.237275084369645,-2.8397334953386744,4.723408322303965,-2.8636911676859,-0.4315621258325448,-2.930758032011261,0.4096200408876207,0.16152464790113674,0.9437631320636416,-0.7854069536898014,4.775850440177254,-3.797562881407757,1.0040872271883334,0.9458152738246106,-2.6276480185182938,1.2542855479292814,1.2879552809944865,-0.06148992342470283,-0.3411190217495087,-0.020540964265731487,1.2370414812735846,-2.524654664319109,2.3888112306445146,-0.20740770597600194,-0.9241519037613133,-2.722262777039722,-1.0676947054945714,1764.9292461806751
-3.4056606408290384,0.5088305315326587,4.475063751123228,-0.08647942494745653,2.184324389507714,4.254185465925585,-2.112398260883307,0.9719436877267509,2.3350013216250023,0.31244954678989734,1.1019557416653931,3.2318739455543337,2.596251698604713,-0.06733484390574818,-3.6432015350169102,-0.9582115481107738,-0.015105229448734492,-1.9928771619892212,-0.1050885491317064,2.0596035243762705,0.8266236732207023,-3.171751120321464,3.5529462409688763,-0.7042018471211277,-1.656531309682363,-2.3172287727519163,0.12591608596685466,-1.244184928799744,-1.6411064923865857,0.497424215273956,1765.6416594678053
-2.087681762663763,0.6380547612464869,1.5068875893447498,-4.935388855208504,-0.061427993357395225,3.055746127760526,2.645259008074858,-2.437194728167266,-1.6193299437071222,-4.964545541316732,0.906953961329443,2.2366586456821493,-1.5985740717104502,-0.7607185468216102,-1.1675404267942677,-0.8254044414027608,-0.8457953785036778,-1.0816580833659546,2.302838168272163,-0.6551353727948437,0.7811844963347122,-0.5241360523410883,0.2720471817641912,4.328864221419321,-3.0589812305567827,1.0102460299726708,-0.2739337963337125,0.48930797117950947,-2.583276227081505,0.7790346214138306,1767.5746520469795
-1.8036166810009613,2.9173296362300527,-1.221467932922736,0.7010999941127318,-0.8986862887092155,-2.1046863278426766,2.587327532915328,-0.09156856610962216,-1.0387253326174013,-1.5377550951437498,2.9672714698354428,-1.6321261368601971,0.8424593000824401,0.7834198247612718,-2.9989365081688453,-1.8205671879231726,-0.8151887285542352,-1.1081041633266062,0.5207358067069667,3.6529323831238556,-2.180826589801659,0.02945252240261992,1.9421790177046625,0.12344039656159622,-0.11959457088447904,0.23889559364302787,4.194875472057793,1.2870654220435473,-1.425741503830275,-2.7177932621973313,1768.52230795557
-4.354208106589028,3.8421887307745033,-3.1226166076496464,0.9285246016017684,0.024304615004875796,-0.12996933870958532,4.259293725629497,1.3545138832957393,4.551595454813305,-0.6459355105688602,-1.1337086524969844,0.6069727010156778,-1.5255564337802383,0.5530873508547962,2.1310157471203732,-1.0564511751561392,3.981931955454847,-1.7284777096368589,-1.4597699907752595,2.5767169623767123,-2.5690815160742186,1.0510638510489008,3.5473139423540387,-0.9371980959263705,2.3457625416241785,-0.5776845395262746,1.0724830721477752,-0.6240888239289836,-1.163570477910977,-0.7867515616364427,1768.7018964647805
-4.52326032716066,2.9129023085483596,4.796672903215853,-1.4716404794724502,-3.567352255141283,3.880504574730111,-5.107227760540223,2.566955329091301,-0.339470176500536,-0.3393440343870178,2.8042260212427754,2.0614605665030292,0.248431129191114,-2.200840291806484,-2.033783263431368,0.7262994592331562,0.9948936583666906,-3.460682430954855,0.215112569537232,1.8488320646056018,0.39229853833415107,-3.634225973001489,1.3231697824327144,-2.4935728413556033,0.30719760676966756,0.9920681706189823,0.5648650441042459,0.18212961160604269,-2.3599966637613035,-0.41929896819957735,1772.4050417165138
2.833224308084346,3.1708486704435064,-1.9263920801997885,-1.0913585287145668,-2.5911493017221616,1.8226874869919496,-0.7136876632393361,0.6237536609633398,1.9486901921278648,-3.145663143197907,-3.706170907945041,0.7597076834109565,-1.2923036032405664,-3.2403343252105086,-4.249568609998309,1.5997804468544148,3.2187936122631324,0.7713596532695577,0.9297702557503187,2.74050630464267,-1.729108200688331,0.855770542148206,-0.41288457913975485,0.16260225491789718,-0.2816188474430595,-1.1879106075761734,-0.5396170579835945,-3.2926952258641853,-0.8114342306475018,-1.7594183427128216,1774.8930271248355
1.0685747159646792,2.8215981582404326,4.594808922249369,0.4953514449434149,-3.6909660822057413,0.18242308924755557,-1.737386218231804,0.7564394579739143,0.6494326047502639,2.7049860383151247,-0.5076785927259627,-0.4839161290999444,-0.41476002448611426,-0.40492088606487486,0.37585420630830535,-0.6226237289211141,1.569645564005342,2.2376139108549653,2.726769352595905,-2.1713366105286656,3.740389913070281,0.9386907247917012,2.675292958259554,1.6946669739682423,2.7975306527714223,-1.2863805215000308,0.0886846424327733,1.8393169591224323,0.5234693708926743,-2.8829378047229084,1776.073725453962
-3.5883145966911734,2.3162601672976013,2.2127286620373687,-2.385840559271675,-4.868098051397912,3.3649193799836663,-5.1050392219097676,1.8654449049034068,0.36749242552279204,-1.8922551995788721,4.701495110510342,2.89249458711901,1.3769478464599796,1.2117421062225655,-0.3848614574176903,0.0957932066538445,0.04098675100640281,-1.378448739555569,0.2183741060134604,-4.1133161236287945,0.14703367931753347,-0.13237222379578956,1.3306237748180407,-1.1881209601553113,0.27832950028755477,-0.5939122514327935,0.3351647859327385,0.5475122056399608,-3.093449727004325,-2.192728743743897,1779.1534548553268
-3.912700754624522,1.7769568647321896,2.4986496772125992,-2.231523714873804,-2.3690153915541527,4.817253726667394,-1.6638433627621783,-0.0979150963807578,-0.8270760042769718,-0.23112495484032503,1.0245909584763295,4.062727895584521,0.826078702153473,3.7075885710788565,-0.34879006128822587,2.0431847737964084,-0.903226779677585,-1.2181856118929741,1.5093484856024664,0.2776279117643925,0.4232761873222372,-2.259645154054486,0.03068492266949785,0.8212620130700502,-0.8741508024557991,-1.0383808894822661,2.884283023174722,-2.4077536927222134,-2.845817787250815,-2.3151448739360596,1780.7143722586432
-3.148872061426174,0.5197047164046761,1.2124159157508627,-4.027505699856183,1.0788404507662004,2.5775846321578033,2.5728722973389972,-1.3843527737098005,-1.235158027629951,-3.673237180832079,0.09837435012057796,2.6244372338593656,-2.3610515131731313,-1.3434406260846687,-0.3307599390534134,-1.1062235650503753,-2.184450878068848,-0.029778446723344565,0.6562360066380986,2.6999044033093353,0.574864535965428,-1.2076352251011258,0.1388240185799846,3.970910383088821,-1.525763430173912,-1.5809276390160953,-1.7249249821856734,-0.09335351736586794,-3.6376844038732123,0.43696375471150406,1783.7241957839922
-4.050079757694668,1.343910253408626,0.5692047893361503,-5.107938974430654,-0.6140480761294383,1.937500711557932,0.09255486506669719,-1.2382112404190868,-1.8368046263338305,-4.413822023312411,-0.5429606938087006,1.0558315862760046,-1.00425402702777,0.8228762853331968,-1.9005684193519858,-0.26505912039963053,0.47309028908183004,0.7590741457598289,2.4235081127737477,1.7005278931467873,1.2456193205357284,-1.7399947418989425,0.9394959628994153,3.126657118577386,-1.7841513395939272,0.5508672062448788,-1.9203582403058483,-0.6019903278183857,-4.351391238661951,0.7893146343678978,1784.487533443651
-2.85308818668714,0.6744066516588088,-0.8260755137096348,2.124284817480985,-2.1930759879181334,-1.9885109969356995,1.6941689959329422,1.0168012716165808,0.05458107093570616,-0.5253622906340057,-1.0514276517578016,-2.7456114684875756,-2.560125918188908,2.7005592744911735,-1.6056039176599501,-2.539835872333368,1.3223588916344782,-0.305263739622756,-1.4081255892320688,-0.735766851714742,-3.184786474728369,0.4553264112664081,5.051126193026416,-0.19042972952070358,2.295126192990053,-0.9200795885947084,1.8511024941059282,1.0807464865038012,-1.5632845497267098,0.6006545839150687,1785.6532001960113
-3.507827406285272,0.10647069776710905,-0.897528851654604,-2.789073773910827,-0.1931799483812653,0.9472921152708754,0.6127367240637188,-0.15647277973496088,-1.6718429431743675,-4.182941298916295,1.3812670444625084,0.9067911419839138,-4.4735268467992375,-0.7518567530924093,-1.936968432891366,-1.9592491799630087,-1.0005083723945987,2.7899425573401193,1.369626749359784,-0.0785846881179415,1.7119541167413588,-3.797570448130524,-0.8545155212557137,1.150744588286901,-2.4646037242163157,-3.1832609673683185,0.993403191929854,-0.7014387629224603,-0.9140632323868024,-0.7361671671076259,1787.521113564668
-2.3698322240081824,-0.39748988128982465,4.408863909457255,-2.7772879237797423,-2.519179101179516,2.1037637688432547,-3.3632129432638487,-0.32075730658677815,-0.2982772034076375,-1.091793832934071,-0.6168573275547784,1.9671546147580148,1.0869929905437405,1.8813861951486102,-4.427991997760721,2.5712308401685515,1.4323802245119606,-2.027671277713956,2.4429074515854516,2.884562950105863,0.28300727425254524,-1.9902958489598308,-0.4844454192071692,-0.578821165695235,-0.6411369010190588,1.7321768616725735,0.06103158796172292,-3.1826997523221854,-2.3479172776717525,-0.41796923469532943,1789.6137528167158
-3.1933600860075724,1.2770760634160867,0.07280882633056673,1.7353252224217321,-1.1183363164362088,0.8379067594898751,0.7071285922589924,0.6707308638722185,-0.8942087673239817,-0.180050771851286,1.0874890210439856,-0.9018797181276657,-0.9454656923666925,2.2469743957048505,-0.37964595346600344,-0.7645843253193603,1.3263839852345625,-1.4574869544756837,-4.268281903668226,0.6574528323699089,-0.040189112740931066,1.6930808102590436,4.422447878526292,-2.8290063616223575,-0.5882638816608552,1.1090265102557544,-1.920403586273405,-0.060763757148109665,-3.060123811488981,1.690122798062032,1792.7136731822086
-3.445080272195224,3.86786529507483,3.817234818423826,-0.778287625541553,-4.019581644188623,2.775947389859299,-1.5639705972838134,-1.6418210705268101,-1.2318149932500482,1.4810997685512726,0.7777240382414798,4.765954394410304,1.3903268699955462,0.6529432640940467,0.7473400576004223,3.264273764664932,-1.103827160757475,-0.6119888015396943,-0.0900434003738736,0.43294569015409456,2.443203003956204,-2.584713614029955,1.4566554151665982,1.0356472357788435,-2.564314495713343,-0.43053770844163697,-0.20245234410762858,-3.5984894508932044,-1.6112762443538875,-1.0132379929346536,1795.6309187075906
-2.049878603683223,3.5140572913532973,-1.594781342270236,3.5558176111932327,0.7470674040534342,0.6345373387821565,1.7622011735392584,2.2782812153984575,3.0227452588212165,-0.27063979129306437,-0.7068317817715051,-0.16731771050149424,-4.3671849399479425,0.6659964531127625,0.640277997821078,-2.4790906921208147,4.62267243779344,0.6267654140951425,-2.9105138533272346,1.2257503568820853,-2.6939990515057715,0.14260791307562237,1.9999640275743498,0.5132421331267913,-1.1823971578163446,-0.537250900126399,1.9692210939913042,0.5351193251905925,-1.866713153437731,-2.0446046092915124,1797.1669792685534
-1.0443680668830666,-4.391983300189004,4.392336699294398,-3.794735188612592,-3.790323849345327,-3.955043284366005,-3.9288109563866196,0.7676204358532832,1.0149374187564155,1.3189953941842236,1.408798934461887,1.4702627344016688,-0.5922963841527529,1.9216218946331947,-1.9897854995594435,-1.2832845559356483,-1.6596804048298897,-0.25217487367676394,2.5173050773160237,0.07350627748513638,1.4794196283778411,2.211794745442187,0.05047207510918478,0.03725891236166688,1.3876492100464417,2.819498538869929,-1.5954523046336293,-1.8334565821741657,3.71417596508494,-0.5251486599472939,1798.2025348442942
-4.418716249973054,-0.07139660343100884,1.8530784339898854,-4.143226449465727,-0.4138104311925037,3.5174018695554032,0.9479272669566715,-1.7614296243484466,-1.5318118119136346,-4.366488385450255,0.21979412690287656,0.6531673989679582,-2.207272981024842,-0.07655722676230675,-0.1801759004380875,-0.18090364779937218,2.219002908695801,-0.3787198571508093,2.3040211735828446,2.3598432528769524,1.0836144497231854,-2.6816244820274813,0.8511962494819796,1.9868968433419885,-3.6389578139680703,-1.1931307727345675,-1.4962530568714518,0.062118980911475025,-1.0151097262249864,2.975156835154671,1803.4120635197753
-3.345983218061824,0.15116379535768365,3.99112417402037,-1.6168590688523985,-3.5628936565320384,2.97656959468243,-4.319450694939896,1.3996935496456686,0.6257496032232936,0.10126253171412813,2.9561744456390477,0.44893859494751154,-0.36367072510683185,-2.1515857163694005,-1.3357403176787326,4.108986988061201,-0.18071743597770018,-1.494894982881984,-0.3612699469377799,2.8891426284151973,-1.1123241462958853,-2.105365617795965,1.3719671006343421,0.7020860992575391,-0.5022152966206209,0.22285778585939164,3.265313805293953,-1.4519056116007656,-2.7777814480129472,-1.157518707229956,1805.289268807961
-5.112227754100289,1.9717545053328887,4.837756138884782,-2.0541559836380583,-1.6406601942553518,4.954760470852786,-3.156268609639809,0.4302351008456837,2.2246864922168443,-2.362563189956509,2.4221698577239508,2.4691263199063362,0.5774097198581712,-0.7876388611354099,-1.1524278636103005,1.5566876718793514,2.451249892056082,-0.82965502031242,0.985778543502152,4.087052487905464,-0.7375230647609218,-2.819554506289485,1.9190862322349493,0.3863666447232446,0.22016205654703325,-1.3327941763532736,2.538042367901443,-0.914004123110168,-2.2844955139388436,-0.49082530466098095,1807.718616920932
-2.5408484698699163,-2.835241547881099,4.0358816484234765,-3.7815951785966924,-2.3799545979751344,-2.6444924556713327,-3.683477823353106,3.16211150677779,-1.618461517204044,-1.3050234527933902,-1.2780370146683029,0.6951620329522189,-0.5652777531971742,0.49219540277525253,-3.3820121023900716,-1.7244801745235692,-1.9268422110037022,-0.152463189352949,4.106064028828217,-0.34140232993611364,3.5341532087642955,1.3532062406604934,-1.4873364200990788,-0.19874915455913866,1.7197450787009065,2.935179027959733,-0.4421256786030512,-1.2287568418640846,1.4472933017572243,-0.03787237300921409,1811.8040488837
-3.7402642155029784,0.6568735534331211,2.1287505881494804,-3.30397316799571,0.008832740945384998,1.526776873380831,2.370495783893112,-2.4300027917422664,-2.5151262806291825,-4.646754411217661,-0.28316520692601155,0.7257846574477878,-2.930172629746715,-0.18223395636235062,-2.560461467332478,-1.8282881416063264,-1.2021243963937596,1.5846893885428295,0.44494530365524976,1.7116899559633538,1.327799187190728,-1.159335257096037,1.008006401841964,4.333897990759754,-1.39098278982233,2.090893299345674,-1.5177402569897658,-0.3944482316045419,-0.8191087403901687,2.447607804869107,1817.2823366362077
-2.29546825181459,-0.8901792079882078,0.18070815534084483,0.6562601696549994,-2.873046264823629,-1.4796555723946505,-0.397621143900876,1.0638792185510497,2.2435939562741027,-0.9369124879567343,-0.46644892486753703,-0.11928910583318064,-3.3635885841261057,-0.207856877439908,-1.3514203062358212,0.5407789707020381,2.0823038477545213,-2.080205500127958,-2.4410194425680665,-4.784567924026229,-2.4679765857628224,1.3695431552026536,1.7774257214622682,-2.105261867606009,1.5707569838703321,-1.878630928131002,1.3341732685691556,1.3821991933880355,-2.2170330042267725,-1.1510031164547514,1817.7939095737813
-3.387602297197882,-0.4921439849368249,1.336948083167361,-4.8603253672579365,-0.8245745343649811,3.8545686701882227,1.3053748254230904,0.06017027421555432,-3.41344928691114,-3.5743137137972463,-0.025219554792680676,-1.1878781571389572,-3.1949765112519053,0.19533781745797163,-3.1536741162156305,-0.6444427891820629,1.5939491470526652,-0.20247055734568153,1.7340841030443337,1.995326663910008,0.933642546255456,-2.3834949270094015,1.1107169573907707,3.4578508118297995,-1.255004286167571,-0.7065325411484622,-1.0110040820391768,0.31830602653755075,-3.0584671950499054,1.5352798677913466,1819.0333370762196
-4.04030441836511,1.7052545991478265,0.9072755890175195,-4.070991346633068,-1.2310816602685084,2.2785986606272437,1.4210826902642897,-1.7880883122997036,-1.3619949366317141,-3.5990176353287193,0.01074113188681558,4.132824695165884,-2.01657699125432,0.629598516239001,-1.694347279846659,-0.19760793574655935,0.25603792412531023,-0.2016604839405229,0.1577538593190484,3.631200873974714,0.24241812575245636,-1.4638443891332749,-1.8350869664877365,3.189154681008244,-0.17331257623656526,0.040308851925163536,-1.6868931332014692,-0.2748044176547554,-4.073158216022858,0.5069860985855803,1827.1730606807112
-3.6603301012153535,0.03156288746374436,-0.8467193872084643,0.6851792348298453,-3.7275031259502756,-0.6416660458202041,0.4088371382636886,2.869212910449464,1.0064417949446034,-1.2877052289643696,1.891027555800143,-2.160829851365757,0.06458079600577915,-0.9944726101213343,-0.207671868963061,-1.8644710725144713,4.889263032940008,1.2386433616257848,-0.11572819787441979,0.11351874537287149,-2.4080514535244424,-0.6803178436266459,1.415807334934465,0.5938573855958527,-0.3697777630338607,-1.4828779798404008,4.526107618526206,-0.7063880345034353,-1.7892505285887164,-2.1530463698636244,1828.249286796013
-4.048955116186014,3.335692320156921,0.037220456724848416,0.2509411407497626,-2.0785747749193444,-0.34740640983543936,0.717889822756626,1.1518840449560193,-0.6673501251261358,-1.1680755981812152,1.7866609139301355,-0.6522690820261086,-2.6538749592171325,0.1501065342380944,-4.8652923332053275,0.5570071409986844,0.5104612957759245,-1.4484586382900235,0.3411258058585287,2.291441582240112,0.9064016848919605,-2.025011184066327,1.5758000015611011,-0.40431193770812457,-0.4572165141310892,-0.6954177778488643,1.7411036357702196,0.993978500311897,-4.625376945572357,2.44010704520231,1829.5173229072063
-4.115721962868537,4.063590662041546,0.49963709779986637,2.131080088407793,-1.797036608981272,1.6196897466820248,1.590829340359716,0.3994992824374366,0.8561738598229669,-1.8758099831009358,-1.395231114090546,1.1066280267257935,-4.05477632049789,-1.102944665358185,-3.25809740605628,0.49387048265737254,-0.6195687085071739,-2.0361228629220087,-1.1269936687327824,3.900157659191602,-3.060478767516672,2.1535911503812653,0.6259878850201662,-1.7227072852682015,-2.6888079445616615,1.1281540573380338,-0.0271021990524396,1.865613669327151,-2.1891593037151758,0.07344663598305268,1830.4750196749105
-1.8264018584179238,1.6196124122352338,3.144373239226653,4.978208930233636,-3.9753914707360853,3.126381658270514,3.0113510200494877,1.4821266829103625,-0.9576004090219712,-1.139243158479493,-0.12487649291345906,0.1604277620944794,-0.2999506887302753,-0.8506203333779786,-4.583203568372845,1.0316774649344147,0.23540836669834864,-1.267591215442146,0.02585451334532729,4.77965421481656,-0.4920001035038699,-1.3416730584467786,-0.46612091224094876,-0.2819569025874051,0.8072581648834343,0.3798600308378131,-1.821445437715756,-2.5531208018058993,-3.02154175532916,-0.7499552135536447,1833.3567012347319
-4.237945181672719,1.1252319817919343,4.437419980670791,0.2546480803472446,-3.4331394252609657,3.7609960723007028,3.1272225417915234,1.8109290876790645,-1.5783790894805807,-4.0402029700667015,1.69428947454248,2.192016541685175,0.003093572131837252,-0.9167078275691086,-1.540389053128691,3.167634164100776,1.848969162031742,-0.8541615289369404,1.2748926893122101,4.526234085621815,-0.056044314871480844,-0.5729702967823471,-2.2414036504329253,-1.4177443106094305,-0.40141552221673915,0.7866012153277544,0.16259340340455153,-1.7171455392941217,-2.885530811501951,-0.44322491165878086,1834.800105159386
-1.7379900176730776,-1.3254981890923492,-0.28048055923402804,1.0265750566303247,-1.5770477991078775,3.050549583049526,-3.138740154595822,-2.810758221633841,-1.2087169037857377,-2.3052050584063153,-0.27496260757990515,-0.271962327329755,0.18638086155361,0.7035706153679504,-1.424731623827399,3.1213885712167326,2.3840059509429192,-0.9799552300902059,-0.20760758911059551,-0.09245510965554116,-1.2234909618950165,0.4272417157115731,-0.1700882656729156,2.420948169490383,0.7196504017135433,-0.15364721950569815,1.3371795745037822,4.0275644715924015,-3.770273048596283,2.1890522878154464,1836.8495351148706
-4.0499145989805605,0.647182021168784,4.794485967943063,-0.0037538223554718364,-3.009306693054,5.003840502006977,-2.752789085262346,1.921671689677286,0.1401930666285653,-1.7709183170815166,0.15198382305873626,1.585783081161585,-1.9169916437872068,0.8727165991909454,-1.8128255876500239,3.9282685463752305,2.963689200658761,-2.1657496570844286,0.26110721824517946,2.1525989346656,1.6581706344434957,-1.1947055864310587,2.212986407859378,-2.6148127788301294,-0.9101756899471543,1.257556244536662,0.39467490666868577,0.6422996543423775,-3.119755217341041,-0.30835379347823066,1837.1796871825434
-3.7683426421191153,0.7338272527284628,4.617666753350067,-0.5471585114007925,-0.4586532992364525,4.138987687851331,-1.4503769990242368,2.357197539777422,0.40093815547887324,-0.9814688852127248,0.926343417213727,2.5544158850915055,1.603525973941545,0.10808887252677973,-1.0808084090298182,4.447063629154986,2.269798553805953,-1.7225573253838,-1.387737192845576,2.2818357098504918,-0.8732892878399027,-0.5100853235839549,2.118105205282096,0.7232512624284877,-0.653674961503887,-1.0709595979418074,0.7351403771301571,-2.3808431099381937,-4.007978656989638,1.0033095380602781,1838.8743606971757
-2.8970536376493605,1.8829968530672616,1.575923336743796,-2.359245977756853,-2.1950886461404813,3.217062442968051,-0.7606763562141541,0.5433937892281522,-2.7415251668028575,1.523052474835803,2.2007622677334933,2.649344495463506,0.25756023709865317,0.1796801147973447,-3.3911508176366834,0.7949798671759563,0.41735366626005593,-1.3475902384093557,-2.143075665727818,2.7574061113582973,1.4132996900337882,-0.7139958642118296,2.9705525312132894,0.6998097296014719,-1.7687156267147377,-1.8291587296617686,1.6783121587983085,-2.8018606977007217,-3.029992248021993,-0.7896558286874988,1838.9350151992828
-3.2376484097527927,3.902876791099911,1.8139846309650727,-2.2245472263086015,-3.0191658189081085,4.695776609526251,-2.6231049597925615,0.44965198023993724,1.8168653269117259,-2.807337858476971,0.6118350478891754,1.3037878904648772,-0.958151812997414,-1.0317318516378022,-2.6189822097460658,1.9239567206148256,1.3520640978002494,-2.9265768717140777,-1.14270195242658,1.612133026171752,1.6205291548010656,-2.8908872887159953,0.3701196772438604,-0.9734058736302262,0.480764703576022,-2.127334293719714,-0.457333450923222,-3.945745216541006,-1.88477280503781,-0.9415652628557019,1841.8265298204983
-3.5591414145885745,0.8806426779997456,3.9174940765067667,-2.3639935615387615,-4.683883564458772,3.7393537563967163,-2.5475142403266906,1.745807083077155,1.2834779525329418,-1.101138042491757,1.8929256484898551,0.6150446508139391,-0.7538027724331869,1.332631113096166,-0.4693645681262253,1.6537367920551944,0.9273827908798791,-2.515259818466573,1.407304214735133,1.947492364561878,-1.6477831275956314,-1.5186464272940432,3.5327187651092755,0.25233516827575353,-0.7856566182363924,-0.7785384536128177,4.050652021340136,-1.595139553208194,-2.207804878102182,-0.8619044692072801,1843.6313974853454
-4.010310287524416,4.692508096759251,-0.148712963902644,3.417720810684414,-2.1415388317295827,-0.35794947223446605,0.6937834072933822,2.55266063598669,1.4542559149916916,-3.104215290837338,1.669003712577418,-1.5137060146409895,-0.5213149712647043,1.0623253932519143,-0.6187856008968953,-0.8442724577405363,3.745614066719565,0.5884608625040019,-1.5486541987944056,1.8762025917974925,2.909111758093782,-0.668499334686131,3.428087874361225,-0.3041808375620175,1.0627376832952897,1.2506841283609802,-3.201301832422371,1.4893185242260147,-1.1330798445190247,2.4681697257726003,1844.5984807421846
0.3483353682393977,-3.0429768004982223,-1.039538092805098,3.464788075975364,-2.0233345301285564,-1.689201780354218,-4.7121707194313345,0.7459961165391389,-3.198238821954271,0.6298770629723106,-0.14750879465775607,1.2507528500699523,-0.09988184451286442,-0.48595532297444777,1.4936261450749053,1.506558377959861,-1.8066216732426308,2.1846400843703333,2.652699748205361,2.3737248510354227,-1.0805736714555858,1.1320636827925334,-0.9184626625204892,0.5273971134708931,-0.6133771306727147,1.4866763588953185,-0.6092066306798795,-2.1836123870481865,4.846468595626017,1.1729425473806385,1855.0394681401501
-2.8148391337796275,0.8376337051248989,-0.02441762611250886,-4.917576197958852,0.48294487594393853,3.45265163116689,2.6763978914588558,-1.975246905690494,-1.3991853757206205,-3.1521856522934075,-0.07701558085194743,-2.1111009019313474,-1.5636523484967455,-1.5552654210562635,-2.2401374116337003,1.177794086663331,0.22496544711284816,2.081635226437754,0.347476133114204,0.019148297016601257,2.6757451414611495,-0.22698681745794652,0.7901270389594266,2.9797409767709637,-1.0464863854691033,-4.5013064932710405,-2.358722370579321,-0.3290250738568492,1.6563445502070573,0.772187175614534,1858.7270412583653
-2.712065970298219,0.709378913953693,2.513685879497409,-3.3096581811558154,-0.3656218962144031,-0.45368102130358245,-3.6898494789967216,-0.7631088212003422,-1.795441277948751,0.7396862682705767,0.8250520364788224,-0.11783976415437179,-2.5337783687410527,3.922667116557043,-3.5274773119400322,0.056438706282978535,-2.2555026915208836,0.021564600155838942,0.03858279166282075,0.7937137083980346,1.2897205584291251,0.20440152417503388,0.33172142931028215,1.3930100363253555,1.8434160749992419,4.04160816836858,3.1937676925136644,0.27558299444550505,-0.9614602933533871,-2.3151548021330206,1859.5818927746652
-2.294752458554924,1.77764020999922,1.895981240882454,-5.111473511258447,-1.2448954022828977,2.6907267425091743,1.6702377617729534,-2.093318848137328,-3.150689351798877,-4.678400070828323,0.41357763709492734,2.822838661098727,-3.50326560777351,-0.00566390762185609,-0.16080337631327146,-0.8018148924798658,0.7223425483391248,0.9861590632124818,2.6506609983275458,-0.8779241345091162,1.4137680002324604,-1.4327231089427679,-1.1096015154624943,3.1584699140552273,-0.4462707726725645,-3.946288278729302,0.9564974690269724,0.867515947307608,-1.3703992836981516,-0.6034293397438643,1859.7914538658251
-4.638948138338507,2.1871984373390934,2.9511974416734175,-2.5418245304823572,-5.094329183615775,5.091432816038042,-1.8496245534489897,0.8257599627567958,1.3045839685590614,0.35543862768619944,-0.49224180966472064,3.2265032323124627,0.48542064438334176,1.0005982692363722,-0.8527912084071607,-0.08924087466274333,-1.7669491302859386,0.12324441232148642,-0.3411457125459403,3.7979871431397827,-0.20464111012381542,-1.6918872764361472,1.6309414301457226,-4.770206813340673,-1.111854235438823,-0.2050121671879499,-0.8320622647239503,-2.632361383127585,-0.8139504481278221,0.6587098195695802,1862.19291240689
-3.7212432941294598,-0.03246354300523957,3.0127670565289795,0.4798684400746651,-2.888034820304874,2.63403883156164,0.6246599830764261,-0.5089594968121112,0.03472730351240905,-3.577804616957205,0.7279457471835891,1.7856325023578365,-0.5773348086893717,-0.2931027292771735,-0.9435230977342925,-0.06647723311827325,1.758497153134516,-1.780258858044689,-0.3250873860907496,1.7767056759550393,-2.122173543663393,-0.3908917325270876,1.2459597839980838,2.0743318698839848,-3.11674169222771,-2.8189950039052967,0.5946898606948979,-0.005036456169399406,-1.4793749586846825,-4.497629637267366,1862.2209684445936
-4.960631688498353,2.6859803350381646,3.373695532227088,-0.4019424817172901,-2.768480202930607,4.533094623178812,-2.8678703406160646,1.3724155769329751,0.6771582658397366,-0.6986342845670499,2.13536334250068,1.8528467420114876,-0.7239821635962518,-1.2235664137393059,-1.4148290264007275,2.1426950951044557,1.2680740422131478,-0.6437817074193863,0.07294997993897481,3.095861582737064,-0.26616795856719644,-1.7953622087662888,2.388858987538957,-2.986342166148038,1.4716073326345187,0.770833121618793,0.2673202724405312,-2.072633372790812,-3.633028553861024,-1.8737821999035527,1863.8829482427138
-2.0893344166680454,4.2468677119039215,0.30419870365171353,2.5201236113443524,2.9135969816758913,-1.4054965630735325,0.5194501980678268,2.756730917479719,0.3446946156487747,-1.9320791147001932,0.3006287971270258,-4.468076697887769,-0.6621373591221836,1.1156594553761199,-0.06258615821519786,-1.6826390548076846,-0.08591089810821595,-0.0024868049785420204,-3.2567688276517566,0.2747049816313131,-3.3377620244864374,1.5549285213862187,2.3183819580494722,0.4173058224214772,-0.636871343652686,0.5765455733535612,4.089321775373818,-0.10004797757708528,-2.0151562592420973,-2.0609136360737907,1864.4077941924909
-0.8492304989564108,-1.027612020572768,0.05296373746800842,-3.9163800313839987,0.2920741968053756,2.7331473629490803,2.344059430792594,-2.943565239383923,-1.260502120531128,-2.952478817643243,-1.8301716394713465,-0.7938004897552249,-1.3939323036658249,-1.7401660269082182,0.16422875242101742,0.134108072701011,-1.4092463603460927,4.774260672550894,1.4917522231688225,-0.2689570313213516,2.0577911535656064,-2.03447377376688,-0.6195214608094153,2.920630452334638,-2.278625249856453,-2.357775623990027,-2.5181850657521268,-1.6766837785460555,0.570141443515455,-0.877519577717397,1869.5486432373393
-4.170453863473296,2.061067819285301,4.406402147333879,-0.33003012211119614,0.6982758174926298,3.8455170435537265,-2.36567775108813,-0.7655998468030694,0.17896203761188623,1.8368672683416523,0.49360852419923484,4.15385213341202,1.618680313384172,0.8466998108868881,-0.6433173865698086,0.936721409861617,-0.5901446257777306,0.45299061689551157,-1.9215914958306934,1.6028329568217026,0.15312637514559344,-3.7801570880106627,1.7832455326796275,1.4120172089463634,-1.9703609523329433,-2.0231490476659038,3.7698530507278525,-1.667168998377949,-1.8006833422711126,-0.7531520781171932,1870.7899554910214
-3.5399932233585734,0.34142751631128254,-0.7283122991751301,-3.7833513253226063,4.646879131447425,2.805821547359262,1.8288394720446361,-1.617245779217916,-0.9991860648422569,-4.4131052397205695,-1.167079682708168,0.293323261633177,-1.9978252223450317,-0.19688291159509064,2.6217127852817157,-2.997891879945403,-1.3970441363892736,1.6578681209236976,3.7650670647964786,1.3978303662154623,0.948604234889145,-0.40841110767132044,2.09755501198015,4.324063962199395,-0.5853813290699155,-1.1433715115925227,0.5900907641884741,-0.7161664039245174,1.2842115868609378,0.4496078892040678,1874.0161836589236
-4.228495439511436,0.1960828349546213,1.3209003776615977,-3.546857914972388,1.0153519267730857,1.6737680443990939,2.029755979296077,-1.4353169599686788,-3.9747573846032216,-5.0748744682461275,-0.09413470795262951,1.2459847277108622,-1.5975825889106747,-0.07040137984783723,-2.3930260925700795,0.14434104344484017,-0.5552533133580984,0.998428667977152,1.965591054200949,1.9815751666857702,1.9745017388791875,-2.8942097720410365,-0.022514132686405897,4.776005850001057,-0.6011222175563815,1.2359947086995353,-1.2635283427341335,0.14522097851287086,-0.3856732070661275,1.960316235108429,1879.520335575609
-1.822550962942421,-4.687734897009649,2.2929773925160886,0.006006789269633828,-0.592587884710371,-3.773434156940194,-0.8956798887959629,0.8813613979110949,-4.563708177004787,-1.0245393818634496,-0.90146170478964,-1.1611919595360505,0.1916758606577047,2.008390628138919,-2.110989082090377,2.17567133543963,0.27099964745059246,0.5806512751643584,-1.1592381006765275,-0.07222699797915988,0.3639773307007908,2.5528418956912438,-1.218323072153277,-1.4787203487141052,-0.9277423047663085,-4.837154736758956,-3.047577886691857,1.2569932741016243,-0.6588413462123907,1.764687112521752,1881.273057873241
-3.5410271135550895,4.59776647828845,1.280522278701134,0.8399157041731342,-2.3842243106436816,1.2265588497747657,1.2580004357831465,-0.5009995919693095,-0.38443533934935914,-0.6168538273196942,4.1512792400697665,-2.6475137326452085,-0.12463068676224154,0.16531123669406134,0.4668677721241151,-0.04668454870987824,1.6784887580178296,-0.8440412093644728,-4.5858602756524665,-0.32961605672855443,3.042874893419792,-0.3677999862758985,2.665750022938837,1.877361005457064,0.32601328255987483,1.5691463421918208,3.53239931522713,0.09489686982658285,0.6910799861604038,-2.3210856602470047,1883.007166516517
-2.8178241671738133,1.4310040715533554,0.5795347418832585,-4.752872067898994,-0.5802742128275055,2.946344360800478,0.4822370724591004,-3.1802391186515813,-3.170037647589904,-4.0132985105960675,1.3219373097313758,1.066200717425485,-4.543579064986146,-0.49596568177474054,-3.0869375320489216,-1.7093711912654754,0.34030430264097117,0.7988736609011438,1.8370549475553484,1.772442004008576,0.7003942853143076,-2.389008536820986,1.0712636638173414,2.1674011657848786,-2.735080809897837,-2.0436225655143536,-2.1305110087121903,-0.54015801143822,-1.1835245376289596,-0.7346792628745143,1884.139937455062
-2.1909800982191068,0.5267397951046215,2.976961205343063,-3.176187663089146,1.7611294459862008,3.3884748876522344,3.5172099980410225,-1.5235789087752367,-0.8790772992494285,-2.6192980261392895,-0.521484865620476,2.811192165935783,-3.8796517969927717,0.9015151486097138,-0.6328021474604526,-4.7260989628155246,-1.9317245812262216,-0.08765074684654822,0.7630099311229426,0.973535643447482,-0.3495386021472497,-0.1162427290272648,-0.28188470777630026,4.039682027982379,-1.505301087618459,2.0840572707967464,0.06296738817907283,-0.3883839957237152,1.8255291815803838,2.007626892303408,1887.0840492641255
-3.8213894687506267,-2.1029290915252727,1.7956435528047208,-3.416920948543199,-1.4887758023172784,-5.011060548048894,-2.950170275807864,2.1695517323872586,1.8683723334477293,-1.750101915560598,0.05803156094665546,-1.459828367982397,0.3914525475072994,2.473505926258883,-1.0840150066234224,-2.1323435748134107,-0.36270097081641084,3.218811927647083,1.731826844437607,1.439308509742844,0.05889656286366873,0.393711191998968,1.3649322271101423,-0.6353878737543667,0.6472305286485367,2.033807191522724,-2.1127169634517777,-3.82231807730043,-1.6792744389321148,2.6405922413903458,1887.5771273493822
-3.5781844222845027,3.648681642033653,2.43213325153473,0.2088092736893572,-3.488655692497201,4.7839620097564435,-4.152870259961885,-1.526316753918688,0.25960923974050787,-2.6622243091975433,0.032136351740725266,2.2927869580500855,-1.0807932562142104,-0.5414773874009001,-2.3902892967937284,0.20469416501159707,0.19700150079378997,-0.07415285447456489,-1.7339563919351564,5.108974773752947,0.9956422747584767,-2.4495556948673785,2.175785896520006,-1.6098154928373118,-1.0506064994914248,2.0862854230116463,1.1067262665164543,-1.8335572964289428,-1.078220349627089,-1.2603763691424659,1888.2773475981085
0.5617514332133053,-4.346411830772494,0.978595609453373,-4.532345219870848,-1.9016436817760887,2.8882908136759324,-2.616992338731479,1.4670738542834594,-1.819741607347694,0.7881563933358595,-1.5379138665095748,0.7597514123327325,-2.4547710873102773,-1.0266326962425314,-0.3363383553645134,0.7522755692769769,2.462880205487854,2.911856467120998,2.7407083327859394,-0.13834830797024833,-0.9035282027386977,-0.6700580590161119,1.4324266874463882,2.9702219923815223,1.508743151695049,4.255367837562874,-2.196134312163143,2.0102350780779235,-0.3414606337239113,-0.07383876663228328,1888.6572215171554
-2.5638218931620047,3.645331093218685,0.5345006290833494,3.339136842266117,-1.5318968559534973,-0.8995362344651975,0.7754485716369374,-0.35937886818452514,2.8659624969191517,0.4260085725863678,4.274434227139046,-2.553934377485326,-3.5993769510119646,0.4022694655648861,-0.4047323833332726,-0.540881668792156,4.337764057174139,0.3322360125474555,-1.310523654547068,1.6726683687177966,4.228141691073496,1.0576700388194702,2.173807624516936,-1.0777922866692775,-0.047895249069834556,0.6614290480948146,2.1291811076377534,1.9851264106970659,-0.5344800353683227,-1.3659808948879335,1888.733224354521
-0.4535663409944264,4.2042917095774,1.1031698241246382,0.8581365226516993,-1.9726676485004437,-1.0137494710221087,1.5709820931997904,2.122737732540746,-1.6051488657322177,0.0907197117400711,2.312387226469671,-1.3067126407396004,2.2496778516936855,0.832728274049253,-1.959586485508304,-0.6528404877623606,2.794393476260452,-2.036109028878977,-0.9530862487968387,0.5576853198440492,4.039608555237954,-0.41263519889562494,1.5491648499425414,-1.6663712404109692,2.4572294852812377,0.02370884443378901,-1.683830506001804,1.0324101534799268,-0.6694795684021353,-4.323479854714945,1893.858468505879
-4.19295901907134,3.0024027866835694,3.216199190817751,-1.6905566959216787,-3.422928377765034,4.414703925870108,-0.44463065901018684,-0.6006261690073653,-0.18266716488368873,1.345072374293364,4.409906983136061,1.030307719444489,-2.0696678713889183,0.7551180438337759,-1.198346899432482,2.0830663691743836,-0.8713296645692981,-0.9904742791535941,0.5186212582101324,4.418392881954521,1.8106109199052094,-1.56014326750491,-0.15227520859921428,-2.5140787686627584,1.2705180364697428,1.822151173976879,1.135790620779695,-1.4704577473788296,-2.8458343350771393,-1.6247068577722756,1894.400394421704
-0.941691794427745,1.112060375523713,-0.22721345033844487,-2.191729330906512,-4.787847395667448,-0.15617638027452285,-1.4206455717921578,1.2379728231481577,-0.5738098222639798,-2.2557368701679037,-0.4752390594635628,2.032268228850162,0.019667959458629425,-1.1689755499391743,-1.0219326943192029,-2.869616781655651,1.8123716337006242,-2.910182033753612,-2.869073934452897,2.957969959079179,2.331182861223982,-0.03655879973242844,0.3447043320631276,-1.6982706974149941,2.9254618324261528,-2.4519995066815894,0.7101214480745753,-2.466937531618358,-2.419548172861041,-0.5705464019531242,1895.944287606203
-3.4657242612837464,4.445647136923722,1.0162454469910691,2.7415997334356166,-2.4924631728983244,-0.730757743513655,1.629739207376922,1.3826100305866742,1.7373266174509694,-3.3180043782592956,3.2043504051183795,0.313145344236299,-1.5109555590294828,0.8335754596434842,-1.0827558169991771,-0.43141518479681995,3.5734018243638994,-0.03685247076422821,-2.414783777863681,2.3565380326075895,3.899534321876911,-1.752298520428349,2.5857512145050077,0.43569766799710447,1.7080105298208785,0.26291552594258977,-1.9971365792514106,1.7592183290900028,-0.9144175685270567,2.27576769126764,1897.082858999529
-5.114509861777151,3.578278180523995,3.8324481010038647,-0.45679732447156207,-4.16966560605471,3.445634295494252,-3.47274351405588,1.2781441863844172,-0.22810492364265267,-1.2564332319722804,3.7737778010678023,3.487103837114203,-1.0021870293461368,0.2919813799390766,-3.2343739561503666,0.808448653285707,2.124164533710581,-2.035142598320315,-1.2298486454437485,3.0431101059824543,-0.9771671222684529,-1.530855473059059,-0.12073074750972423,-1.8553179167552887,-1.4519356381576,1.56582905272789,3.0111913638026824,-0.6733809623257478,-1.970620734489743,-1.1591979522714642,1899.4278942361593
-1.4741670657841077,2.85858259379461,1.0169116741677748,2.712308468689322,-0.44449685912496273,0.3026908881061665,2.450701456809889,0.5409799300106585,4.331516733705839,1.0956494876822653,3.517087875467075,-0.781957487489519,-2.203982553438288,3.8570760952390377,-1.6599761446252157,-0.20592719568228068,3.689976164836242,-0.07283000758768218,-1.4033853945462322,2.4325117188184033,-0.557273013032942,0.581847118569855,2.216740443181254,-1.4758701198990787,-1.5233358539877009,-1.0358560695824446,3.9584607294979604,1.5336584253791021,-0.36308915056037105,0.8658549056042693,1902.427315968832
-1.1794360632631533,1.709785745025285,0.9835411746153392,0.6010263807081937,-1.780289730407357,-1.72508684507326,2.119377049930589,1.3936276869467137,1.1402710684783486,1.0557430558161518,-0.32437197515539484,1.0430882533057049,-1.9782967068665818,1.5847763162240391,0.13682153458664828,0.40737940348953194,2.254451964040622,-2.424315930130398,-4.023273439049494,3.4971770253768657,4.789733826041084,-0.3912663385610011,1.1157138834577565,-0.6389300985278729,-0.6160472182644297,-1.5715571094071286,1.5680578677589008,-2.7659645185303097,0.46838851586272456,-1.3687771509982773,1903.0952484497668
-1.8184009188641284,-0.10234288449612183,-0.7419730655018579,-3.762628637230196,1.3157096769375136,3.5368759835492853,2.1346372149717308,-3.348258244794473,-1.0540357216393303,-3.538128862673513,-0.8092338741389555,-0.4582160680560783,-3.6958578685201786,-1.8725111776914094,0.18098570118270918,0.6558976727009541,-0.11306549248944192,4.060408102255797,0.997050681617329,-1.6124053974972805,0.8163463410698537,-1.804349776858236,-0.05194007275134882,3.7836950412756507,-2.8322381666787306,-1.3905560907326684,-1.4154521284357409,-1.9257055159207404,0.3129806731967615,-1.301327946515217,1905.3721438503537
-1.7313584204049808,0.23882619282012607,-0.4105464214758813,2.76533635158879,-2.7917265675922702,-0.1497816989266302,1.9071070898272442,1.4448092974129534,0.6282637051603113,-0.02903152433512936,1.2799169175995702,-0.5798540222148764,-1.3939558699238728,0.8008798554826434,-1.5333166494838357,-0.870148012675878,1.489133877961433,-1.5527974242273763,-2.7538856628511637,5.111598577253419,-2.8322963196062045,-0.31327395971394656,3.5061250690975783,-0.35109056073795947,-0.01022029210948261,-0.558534871259905,-3.4033036693765015,0.36195937663101707,-0.6109935330996441,-2.229923268578297,1911.2922302232023
-2.8986021649293416,-3.5871055485088306,-0.3586333087434974,-2.3723279329008946,3.0403890195131416,-1.0132252953935668,-0.57728894883743,0.46406602542501485,-2.6576149837484597,1.9924019386595675,-2.810441521438621,0.36720918964881544,0.9719969117402825,-0.19182004262346025,0.8094627168818738,-1.468251272751626,-0.9229768018965306,-2.4795381842670565,2.1548128196023106,1.6544096901042684,1.93564959541152,-0.16886297389887872,2.3540160841023443,-2.753169368616411,-0.17098117992490308,4.9538750235351765,-1.1562162325356165,-2.7597462705177627,-0.39739612565485594,0.1668278042423167,1912.6993810283675
-4.009877160693465,2.2206697856271647,-1.765415651535095,-0.6905851430199346,-0.853114779957133,3.265873027194899,-5.089098799930347,-2.5328370757657153,-0.69015496438871,0.12504922540984897,-1.3790375477246508,-0.6298994742888802,1.636374047423195,-2.5296543529735223,2.3599505215198042,1.8625087252679864,0.02660376906042683,-3.3134531692449967,-0.812298556925078,0.5320074527939176,1.0608854070599676,2.07692124715185,1.041039591202758,-2.246804252282374,2.811647665076908,-1.8552514822096577,-0.1518458869143714,-2.394130154927957,-1.1352316460296068,3.2487608060010054,1913.7080215843368
1.0076512661035681,-3.5267900130139545,4.231069684564051,-1.95566673771539,0.0921546685049166,3.4431801766576555,-4.171635301728689,4.472002884260687,-2.318098383660601,-1.5221593772681101,-1.2661968535270913,-2.767530656622497,-1.5503400952196857,0.6684921826566497,-1.2689712729459055,0.6459848356592442,-0.4894808612613595,0.44698706756787465,3.3247321475339495,-0.6440371032902806,-0.4241187199021117,1.2536347156814163,1.123379774584092,1.790138531481634,3.170592594536349,2.0829607113758133,2.1433565325602553,2.7137732015706213,-2.2422566295032693,0.4469552752656353,1913.7338633198544
-1.3863683420448139,2.463072661577847,1.3602944216050246,4.6893781330447055,-2.7437188170136957,2.14927793734595,3.6424407378474037,0.805889162695651,1.6249551683307932,-1.9436666504098907,0.8677114136603623,-0.36270636011113144,0.26048124855315713,-0.6489496293584425,-2.896042247731142,-0.35663291138669645,1.1664406396807203,-2.2758992876689907,-3.855372512700872,4.414863982214115,-0.2929094765045628,-0.06223644572532416,-0.03805527750449045,-1.8047435574995003,1.430591644741489,-1.1708491862442534,-1.412021648727133,-0.5480524428848371,-3.6891041431671274,1.0114783387614397,1920.1223470970317
-4.395090537297712,2.5417921264280197,3.775267181909763,-0.9180352371321882,-4.405432675795071,4.005975481778748,-3.679855799972683,1.703235644377198,1.351050000744938,-3.6983257547167963,3.482864519305311,1.7150165185732336,-1.5929793954806992,-0.1810070444073298,-1.2223165927983142,1.5136290906607697,0.23191372014328232,-1.4335362317163025,-1.086537107457432,3.7596155100493087,0.06937870220074688,-2.800109433115077,-1.7346483818781213,-1.2742030407174707,-2.728544674896669,0.5895187884621791,1.92680721268782,-0.14395714778574065,-2.6008658403977414,-0.25631817346037533,1922.0586283265877
-5.104932797393742,2.110304000015124,-1.202745502800335,-0.1171459461320361,-3.0549460512621325,1.7894184336819343,-1.5533409932183222,0.5491218843117923,1.7846397019985811,-2.9920534358842827,4.5345945083044255,0.8907792792288125,0.40042386018514886,-3.30439587927989,-1.405960768012692,1.4509051065102876,4.16723835825262,4.549246067296055,-0.49775615476836926,-0.5595898903951209,-0.14321206671867714,-3.5057948699506856,-0.309290063656795,0.21082285794430655,-0.10118285118794644,-0.5299034682818857,-0.46988111401477894,-2.2222757024801307,-0.8621565987612816,-1.8289422938983553,1923.2273140695768
-4.153745707592305,0.1434605036444243,3.8362174162640432,0.19625076584081658,-4.217111293781736,3.7733913990401393,-0.6465602371893105,4.102330686273551,-0.4848420142505838,-0.5683052584653728,-0.5618457149777212,2.644422523578288,-2.350546426309741,-1.8502846390971608,0.7771321850626731,0.20167316831729554,-2.5938246652189143,-0.9444282593212898,2.8134587154887063,-0.20521325982606786,-0.3107258106440789,-3.3856179217756095,2.4858324591915935,-0.8413994318126841,-1.575778897770054,-1.538582129369066,4.166258785904343,-0.44799769654838695,0.0186246496900222,1.1448951429284406,1927.9283552028935
0.6076410709824196,-4.878403057438379,2.577194315222369,-4.206953049991051,-3.184638628495008,-4.005159519592857,-4.0896303224244965,-3.6245695286625033,-1.3183367144553895,3.146783290633002,-1.6967492096278542,-0.9702122762151356,-1.8468304440844587,-1.8270632007869434,-1.4422667838502572,-2.713266883613255,-1.5074306563817987,0.3289632469850674,3.2752915363783286,-0.7006568083881973,-0.5385114576063117,3.0282182223506693,-3.186020920601936,-0.8922714356596448,0.08101457221705166,2.2809833833722575,1.8671026375421693,-1.4968374538985243,0.48831762936163736,-0.5523254156248979,1928.5044461063546
-2.3084920206163995,1.3805003417611006,5.1133377786241105,1.079547547876973,-4.626765237724907,2.33889065707008,-0.168238174944757,0.2622422196696934,-1.4963697268010376,2.4315031637245674,-0.05654203174394723,3.709876129554958,2.4008471683996655,1.1817811597417234,0.007659876353983908,3.487046829032022,0.22028614676365899,-0.2582775708335352,-1.0121011904712867,0.7975423159938351,1.0881723862434667,-1.9820574076835338,3.931669870842062,0.18021549994320907,-1.5939362159138482,-0.853396829177941,-0.048986289286676254,-3.8510486944375684,-2.3870375513699025,0.4135069228513045,1936.3131210334052
-2.6648517907376226,3.121540070876029,0.4607293503656088,0.3325313815372224,-2.5174810597989206,0.752579642773961,1.4380232646803583,0.3153650568350401,1.6401837259953473,-0.040339957148119554,-1.079102429168325,-0.6563407028875761,-3.8109310744733014,2.1267459591692908,-0.27048943056450764,-1.3541303222022405,3.2117472839353542,-0.9340325525550996,-1.0456349742465076,1.3931671244726953,-1.3266357789816379,-0.013540210882050485,4.611406029461727,-2.566173754594131,1.0721793917579394,0.8463494890587084,3.0657373139577007,2.2556870200316794,-0.04315172585353899,2.2905664211143946,1938.606661517936
-4.295093879588832,1.0714094994465295,4.159055900742711,-0.7341308487926875,-4.6382867192429575,4.2674245797729,-4.827013074178547,2.821673804874902,0.16489259733122819,0.02237016132022096,0.9231646424178785,1.1273624972109353,0.06347145311836222,-1.0632799127450683,-1.0197442919220812,2.7338890523787005,2.6312606535853758,-1.9038032007363477,1.1451881860293094,2.03342474068586,-0.877942247357713,-3.107706456223156,-0.1357579806214089,0.20502749339021498,0.7364456562923358,1.3166533923596486,1.7436272319891595,-0.6498339126055156,-4.15858416946936,-1.5849408635459,1944.4324785282497
0.9715302675079435,2.3566049426151254,-1.7512771807657148,-3.0465462298174257,-1.7302526749128195,4.763734875262854,-1.5356990273617188,3.0063011350656876,2.992492308890752,-1.1571605328711327,3.3486920752918667,-0.10276120929201255,-0.7286204622687498,-2.023260533039882,1.3901296468384645,-0.48709578834924017,4.665859650921133,-0.625474256975769,0.12337648628205018,1.452312212445216,-1.017906127089169,2.136518143111735,0.012671510078839765,1.4467659035883258,2.349154870577446,1.2271158144882188,-2.7484208110136543,-2.3745048803053317,-2.2763293278604384,-1.3160240870690914,1945.9709815168937
-1.2131932914637586,4.545677178473596,-5.020980354193627,1.9102045430517283,-3.0093995499170543,1.7095391628925003,3.6636559508801874,-0.6422406325405798,2.0808370442397552,-0.7750510428348791,-1.4355724476589804,-0.4049286165679249,0.7297509398222362,-3.044226294303284,-3.60386907745619,1.8077944233330554,0.5871087226074632,2.7704439226852458,0.30149009609346683,1.2518410971979739,-4.261473984317428,-0.7778391715431721,1.3728987722552315,3.4420668273072295,-1.6854208817810317,-0.8145305172061552,0.31411525042057087,-0.8603354569589357,1.63607481543468,1.9400494884318393,1948.1381919607707
-3.126873952263834,-0.13270259961125278,4.188522740118863,-1.4686127989670177,1.261465866296784,1.8125190887602391,-2.0355066547715666,0.11185933761174247,0.8388097892503186,0.4935490656359128,2.0163127123267244,4.040041555272391,0.2815725991125837,1.3566061783174672,-0.14435835312026352,0.6200626394663864,0.8503934719843804,-1.6165333676352804,0.8551553201438403,5.039334367386311,1.584836898365534,-0.7351226993976376,2.448444124435893,0.4174144764695211,-3.5733158624724375,0.875658154818963,1.607898218011601,-2.162842295683988,-2.5180390879553722,-0.9610402907511452,1949.7953738646884
-4.396769902947857,1.5925624301895218,1.6077696552533456,-3.8894223050822645,1.287666614093981,3.8775244382401333,2.144743064667345,-0.3263889973820224,-1.9703462259206592,-5.069985828944404,0.8542123456567555,1.9644609732999934,-0.8688689361591546,-0.5198112169972761,-1.6157274817878715,-0.733962610230757,-2.426455516655063,-1.1939823094840403,0.48491196301056827,4.144501594370402,1.4651584924628933,-1.2997949896963061,0.6039273696460684,2.8427178202125303,-3.2439161389566737,0.7935402376870055,-0.17276129989446548,-0.4404169384321078,-3.0684460124571293,0.20679331386832095,1950.2730207913364
-2.5388634660306746,-0.28984885113968906,4.886134088338032,-1.986851851590154,-2.6692057131372735,3.7143571728467295,1.683816937182361,-1.312860988717791,-1.4414312257436706,3.2146470570161165,1.4316715046181174,2.247382226311038,-2.9108979506554924,-1.6689672654899632,-1.7191711545299255,4.048113845667591,1.0169945261997708,1.1852688869427157,1.021543047416687,0.6306461103865488,1.5157409766786272,-4.478671122326727,2.322505912809974,-1.8558203233607165,-0.7741933881538328,-0.028398673916710027,1.4166629468341116,1.0735853303645195,-2.398354398617974,-0.5693721119970874,1951.845039319305
-2.773641727527423,4.931142288845074,0.6038819374961273,3.188686385975934,-1.9073798377272881,-1.1591359511168529,1.3584601509803675,1.6436538467432205,0.7809505277859593,-4.469263161781523,1.201543449991585,-0.7033328358623928,-1.213470189518178,1.9290437015604809,-0.8580328988246562,-1.1890706536560738,2.5375476442174962,0.42168059166404925,-2.7817245833261435,1.688283004601107,4.2608764539132995,-1.4776615929722143,2.3608540385660732,0.8020384351943892,0.9422910420421365,0.6498968941275283,-3.746368446393655,1.1662239991176162,-0.31937923377245436,2.0135179551334996,1955.2458516667496
-1.3916399346926713,-0.5155280304162813,1.6615930035059263,-4.022472057728598,-1.0075069940795007,1.200442373620892,1.1610939733993872,-0.5443220133437833,-2.916649782360986,-4.037253790364679,1.6139817416802178,2.976080495086877,-4.010299620024197,-3.059246983338382,0.4299511366384332,-0.35270404229837926,1.1857983855173375,1.4564737716409972,-0.17236301113572483,-0.002537429422017512,0.5328043135365272,-3.3622851062010244,1.4323932238773651,3.4786085338403065,-0.7466437110205667,-3.5251671124300508,0.8416359239147508,1.545411680478721,-1.4106876487210902,-0.1814713065379287,1957.018559315587
-3.0887905669658533,1.2953295086758048,3.7872656710374284,-1.4174514088918833,-3.70651389850877,2.8128756377877595,-4.345833556095213,3.071774864438286,0.10010820878863191,2.2555552248245467,2.073814720458377,0.10972199636377034,0.3203763215161859,3.284796448902567,-0.9600835930497564,-1.1285852537264898,-1.7274684528510273,0.11727224979656647,1.2831953886059884,3.6895277282327683,2.787436196526099,-1.0740663569341695,2.0189958923426548,-3.4170174828156883,-1.8556231473875737,-0.8587873632129237,-0.4150185618134685,-1.8669322101938686,-1.9395855612270891,-1.3065718642439066,1957.6888397109692
-3.323511423601422,2.1686872363696508,5.10767156276252,-1.1671192218770705,-3.9015449254273697,4.709198259313533,-3.349530917120321,2.084458757014904,-0.46064026266294716,-3.1850864600628483,2.2281229533022815,2.538508994332453,0.44096730236997783,0.49521420345688094,-2.037140694523637,1.8357623954202724,0.7461195627668787,-4.202031778646263,-0.6349555239092176,2.735417110578409,-1.8080802632339856,-1.6633383390110403,-0.5855556296848534,-0.47729994094778455,-1.01465634210622,-0.8798500119121295,1.360315774107985,0.3523442462259554,-3.0014768476905447,-2.5043970566002507,1960.2529196216583
-4.372790851656857,2.174710417892728,3.7128598708543876,-0.942292793291682,-3.1339644090281618,4.272286503121529,4.643755876923119,2.3074608254125004,1.0991827697647765,-0.5210230571208503,3.861528906984924,0.23603202673596557,-0.0569905796717054,-0.3190653554820888,-0.8440945956146452,2.820754984107643,1.1638791932988564,-2.2113714729674863,0.7751480106685785,4.65630385311177,2.170136065786634,-0.08933321242468995,0.47540457174558903,-0.9311300848843833,-1.8611191692089841,-0.08843572141079215,0.16995605381672274,-3.103711622650531,-1.4449214566754518,-1.991720417880147,1961.4299616601877
-3.7090803087605817,1.4136788545694468,3.5079944775417133,-0.22711838255690775,-2.896288733988782,4.4027731549150175,-4.114612604124156,1.1219198157304322,-1.0485244110439351,-1.8868378539940216,1.5423400537011984,2.8088982354325314,-2.1515098793429566,-0.7464737609081116,-0.5817146102193361,1.9938336746300573,1.5527357997408373,-2.4552281811233194,-1.3361290062490687,2.8868640006153705,-0.7807815477742373,-1.9132900106016077,0.3772825117753718,-2.255265415774825,-2.997845380162154,0.9181395934367702,1.5725173546231246,-1.908799483717368,-2.744459244244129,-1.9810659117677258,1965.0292691374939
-3.758551973159471,0.5258603013282823,1.1250288039514789,-4.429775921762004,-0.09966396293730606,2.2995430970243076,2.9815761045227447,-0.6413650400328728,-2.348976052825797,-5.110086231788337,1.1656624836064562,-0.47221443629288606,-4.233180862702738,-1.118007217611123,-1.3092765904214154,-1.95906241673541,3.234492848293743,-0.21974973081901336,2.0839023726156967,2.15198548803155,1.1778725823309504,-1.0752279111529015,0.4653471962769262,2.4746745167180295,-3.200551754458941,-0.11792973844630021,-2.0712890077135535,-0.24138718628613554,-1.1446316154324836,2.103953187976863,1965.3445434419866
-0.6712046438181083,2.4589984632978124,1.9104440620125842,-3.981741871850549,0.9247707497356301,-0.8414754086131626,-2.000278937731481,1.2467158047139126,-2.2163286492570387,-0.829596442018683,-1.1089995867723281,2.613170837485376,-2.1649238922210086,1.0084862798189884,-0.07801941091860276,0.634682373508471,-4.629998078810972,-1.1114802784581188,1.5126177033678168,-2.013727233392519,2.156914816272107,4.243848821866512,0.5044282249188173,0.34392230139827734,-1.3100031393930847,1.1834310567463677,-0.4087770289778687,-1.717493920165499,-1.2604334647854192,3.5368346426449486,1965.7680689215042
-1.251816932449398,3.902561583665322,1.2783936568982628,1.011551532352587,-2.987149108842613,-2.4406999880451825,2.690669315435956,1.1318179872512764,-0.1528650715679366,-0.4011685401529478,0.10072730554455389,-3.9688542741819703,-1.6809846490655636,2.1288025358634792,-2.0458121181366367,-1.0955717476454008,2.016388473557722,0.7347361977464109,-0.8862720109831903,4.424592689493934,-2.2979316523090554,-0.7905582573593424,2.0710523005363943,-2.054658048807564,0.5075878335978821,-2.2090670892651962,3.2110397579045227,0.6681025082267877,-2.457973618084693,-0.3906632696893261,1969.331028400939
-1.1221564145160734,2.5598112075204638,0.11471749854255547,2.7479543385414953,-0.3380389023777395,0.5457959752404352,2.2676214286878746,1.0473489552215807,1.2178589488396927,-2.432689412871208,1.964189861378224,1.3937403100514347,-4.898645728518405,-0.09460636645016363,-1.1810876930053462,-0.7203963096934941,3.573960638683383,-0.09461669662993477,0.18707879479170797,2.9293247728256375,1.087839367326009,0.8356198645242057,2.338816762732126,-0.23241965148629762,-2.1910223540569578,0.37360832040976166,0.7132376124875586,-1.9612895284772804,-3.165880003606807,-3.235426103491437,1978.021748525823
0.7450017021207804,2.605683462380243,0.35690582575729324,-4.653743773258276,-3.6361848156986496,3.9205519951765395,-1.5104052656791462,0.9978789632624145,5.115392054372686,0.22607548662129848,0.9262770054449493,2.4055100573398627,0.35246765908826183,-2.4049123462189748,3.8237766998704323,2.376807115107284,2.584684060945032,0.18264644491407434,0.8246778526031966,1.6452864618786154,1.9033118827563495,0.8707240338238265,-3.3837402176737053,2.2546700259524783,-0.8979871175248652,-1.3808520006576077,-1.6048193370406714,-1.6244466720033872,-2.0189456161930686,-0.3858588287909066,1985.7659630869666
-3.8636754859300733,1.4697836216134739,4.779871010242321,-1.0793892828094718,-3.0219999471194465,5.1168631594795455,-2.224285058866723,-0.937781127267281,1.5963520499371704,0.6332743611095781,1.7803950197612037,4.481795929461178,1.2112884123042509,1.6150647740752087,-0.6708534932784708,-0.6956346828282358,0.03165469313860536,-0.4944169974748344,-0.08959770549071067,2.4602823245208754,-0.5055321964661766,0.08413376520403903,0.8161495973319072,-0.4227898845747347,-0.3760973635808118,1.393376105526572,5.115129208018815,-1.3557813664705143,-3.2738585706559125,0.2858794098454647,1985.7767937381334
-1.7144399878345546,0.5203270131698694,2.60506393536866,-0.4547939394214867,-2.4465048147937942,3.9479272581259943,-2.3172892635798985,2.449405411390584,3.8763179470862488,-2.101068526614535,0.031189583507816303,-0.4169527637916599,-0.28148237609645793,2.860333317748678,-5.106596666414168,1.1324293097301386,2.3948380763596924,0.4130227286658985,1.6335471504126262,1.5006403158129988,-0.22674994766512677,-2.9477346685101695,0.8861416467211407,0.9571112986289905,-0.11662968588182099,2.5477684321173792,2.407131201792083,-2.952106886111876,-0.5178590148113107,1.2832505451940546,1997.7685958479187
-2.6949917332256765,2.545057485102125,3.380080467743237,-1.341165897145374,-2.018366760976452,2.8861983106936404,-1.1559631866428028,2.1712871637868094,-1.7364648583437674,0.719024910894155,0.20492601595823023,0.8322576434287074,3.280209678674894,1.070465688059463,-0.6976926411812938,1.7057117422642165,0.79064976684929,-1.1106028306817801,0.33397414278373566,3.908103453756972,-0.8903436757760376,-2.6881609587361215,0.5623391491885921,1.3261796844682912,-3.842265665663177,0.40249133248373864,-0.9435945487466774,-3.5221103414573793,-2.1227793162091038,-2.066031653666458,1998.89007011105
-0.07255727432004866,0.3180506026900498,0.5073024754522351,-4.070544047713849,3.646298713888592,3.8255589914664103,2.684292825456923,-1.6312410388943455,-2.279358211299173,-3.4536089460658808,-0.7646420757796506,0.44189466605536526,-1.3163644540623327,-1.0906163273898588,0.9073765504109454,-0.4625992570006116,0.5194709229231496,2.859572922450326,0.4779810336385394,-0.08958301739440844,1.8635278204552717,1.535265887735569,-1.6710735457463743,2.8019542613177757,-1.1207824846849341,-1.3982512339298245,-1.842773260734103,-1.7236953828219304,0.8350044374193636,4.710216026959387,1999.659114201773
-4.329784377865867,5.091988481811282,0.11408627106719393,1.9309059746070394,-2.7900148877535793,-0.5005653289711031,0.5146340249615474,2.2347926056156338,0.9642091398258117,-4.1298129145405635,-0.36635998583914825,-1.0694337134729306,-0.822332272752798,1.4560644471416113,-1.4752878045019187,-0.718638387583759,4.900344756427575,1.3106119194865529,-0.8583993258032353,1.4963754494572323,3.607699966020905,-0.9327037231181814,2.966440739993178,0.5366525169689624,1.933125433543822,-0.2908536214771935,-3.4566171019655965,1.306127731491587,-1.3211404732434424,1.2373542899759595,2003.5339055865975
-2.111445202341024,-2.662062885324533,0.07785740429142685,-5.107974091964076,-4.911102759639051,1.6582328835034605,-0.7996078565986489,3.0187560742440134,-1.571900555200564,-0.21290192455888696,-3.1510271162991144,-4.725232527697335,-1.743770456855348,0.2827752142314335,-0.8155821116542401,0.3156858146184032,-1.4900571037808377,-0.29297365757353555,-2.1630888927426435,-1.337109661549188,-1.8239495202689446,-1.0098691640950317,1.2956320632990008,0.3055046473565243,-1.150276700215007,0.5157465301548865,-3.8581548229216374,1.1427315856380185,-3.2639327388032178,-2.0892160254644705,2004.9984679979439
2.1656959741379804,-4.264436172060219,1.93183639009874,-4.881194139861998,-0.3051510656637333,4.1913533501279,-4.739786434823148,2.3002654580709874,-0.5223127208872331,-2.1309159629135386,-1.0347698336129594,-0.1963708179394973,-3.1953688284915556,1.0481222463788225,1.6036549839281595,-1.573526406356442,0.5210209253260625,1.3189211908722875,1.682552388004063,0.243619051760527,0.14255824361417946,0.3666973686194858,-0.0182318559962448,2.5429714410191897,2.3541320462707507,4.007368310033564,-1.0310066897524055,3.4425877149547803,-1.391817027493228,1.2028740137983747,2005.1338352997375
3.082325052139666,0.5138512916810967,3.3447774439931734,-2.3475707256017904,-5.0644348025558665,2.726977030009972,-1.378754641884795,3.8349675175102007,-1.1481249781452878,-1.1384656191037792,-2.0799601735075997,-0.9615023128110483,-3.90688218284671,-0.5621642599042602,4.008042965792839,-0.4221134983068806,1.187340418070628,-0.3229636747645803,-1.3271095727018076,1.404428797063489,-4.111392132957983,-1.615811701058843,1.5249203604412493,2.028988510333627,1.6566464461660568,1.970826030301117,-1.7578390615240587,0.7007637088261923,0.6492801913674797,2.3322766808311015,2005.2822376214783
-2.5887300725662237,4.318600893379134,0.7195102508108485,2.4893191760742925,0.5794906218348246,2.569478940792287,0.041660331470970924,2.9629901421629756,1.5645043670957322,0.07047587175647474,3.3886361664942513,1.7366229128544157,-0.7229405908686096,-0.34757145575066395,-2.0570003205041423,0.8289849795871473,1.1367956658192637,-2.616298309516095,-0.4080441058476644,0.39746547366123025,3.0253361606474436,0.6272811849501755,4.441288182335518,1.154429186508684,1.1590416875510554,-0.8807072356662998,3.7997164143855695,2.4273952641977723,-1.647632279231077,-1.0547109163248236,2008.0917688449263
-3.9827767537801817,3.544663767864075,4.151353519743316,-3.238268045889045,-4.372046865922625,2.234656819659434,-4.081856125948631,0.43263188409567666,1.875167017539821,-2.7285631170275426,2.460253619876095,4.58149819981308,1.7596584135886537,-1.15801933371419,1.4489865952485756,2.861390897823812,1.2424942739216969,-2.123927675796588,-0.9874323161757861,1.8738515740197423,0.9714992623740734,1.0830247043213446,-1.133421642499207,-2.170658917102246,-1.1818163162233333,0.18600682716452782,0.5807172408449333,0.7697689491388685,-2.2431678808971687,-3.621042024388857,2009.6274651860454
-1.0965067236860646,3.6668583276058966,0.09784308041074996,1.1703469809326155,-3.1602648593268268,1.0290000642508181,0.5860796315899135,2.6886122512695407,1.830404177021612,-0.6410113884940676,-0.08678510764268421,-1.9759560813468893,-3.6085867436565757,3.238936693157196,-4.301508630872526,-0.7135812461709446,-0.5132629108578457,-0.17278797534380225,-0.7067979048754663,3.942302417115757,-1.2118432281751728,-0.031545265121361854,3.6671924990141354,0.9838499556487164,-2.34292667496023,-0.670224278576566,3.392885116084487,0.9638238496957204,-0.16462645319253066,0.303429184626535,2011.2010020320113
-2.8413943420849375,-0.16522832291088474,0.9570069838813458,-4.275485726979036,-0.4514219652063597,1.950468522856987,1.2151259214273942,-1.0214132905770312,-2.59173735415644,-4.75525732346697,2.33275989324256,1.3741543986391938,-3.688160546554779,-2.141108333713757,-1.0786658681869756,-1.3510489208963872,0.1958725879691487,3.4013372116888494,1.5964662352802246,-0.8249954316443275,0.4381103848051885,-2.717316272553501,1.231378208264641,3.1716631827517157,-1.098540223613434,-2.49053546556508,-0.02072982190221717,1.1954928073650604,0.3503989082943928,3.0739923415826684,2015.5153363632667
-4.14582324811997,1.927005685513635,-0.33337536747140284,-3.032999860906264,-0.6344822569459827,1.637633449912502,0.9028225451437571,-0.49294586278175545,-0.8463928085576496,-5.110701553314155,1.4855830946159492,4.3746616466066275,-2.353102880779412,-1.6426062683714941,-1.3018719599454134,-2.1315764860630653,-0.12250117368540381,2.599087404288647,0.9796341078976655,0.3151536083924056,1.0615048575442083,-3.3919682134241826,1.7347183785169182,1.8802647389962268,-0.8552105326579247,-4.636525483478596,0.16432580538637936,-0.5242934185422532,-1.2064961249576096,-0.017543608043792625,2017.7232142400592
-3.1159382565774156,-0.15042948759004027,2.850378849182339,-1.9121467297108745,-3.8612556902943,3.860329624044555,-4.829201150798828,0.8548965232495169,-3.2376889966017233,-0.7081126525545349,-0.3890521338470415,-1.0433937025241202,-1.3620070822173338,0.4494022197702985,1.7428981447905345,-1.6726739556913905,0.5175074112962099,-1.5397203841928382,0.756207958483767,2.163039590098811,-3.550073634365972,-2.701818282522345,-1.7267947800663812,-1.0092183039347276,-2.1190700896999495,2.0679897384807893,2.2579682384594757,-3.1324645296125664,-1.6854283368549812,0.8761760754102967,2024.386243109747
-2.409464617720223,4.053316408471322,-0.019997985738234525,1.6093764675540028,-2.9568137741699,0.18423410600064205,1.3581266462801884,1.1434463189836115,2.1187862279433722,4.775009654001005,-1.8322743159662411,-2.503648592334275,-3.209058671275229,3.008263216142003,-2.4805447661473643,-1.0439393435471032,0.7615826494822306,0.8203880404934528,-2.3105218901795217,0.5059792246226917,-2.7244891110876335,1.795383105089838,3.2424337717596727,1.119542587234001,1.884746174891354,-1.8938831293231981,2.0823336852807923,1.9198662618439868,-1.2376000448061526,-1.667260273347039,2024.5407503935521
-4.121370843948912,0.4241891428599598,4.273103582002761,-1.0597560919853328,-4.046346875365358,4.326939563036994,-2.679612568307345,1.9408672227279162,0.8264830895815329,0.7008366260484733,1.7645282723662223,3.8671988360488445,-0.3400231452091812,-0.3058988524925076,-3.07896333283681,1.9992661813581234,1.6328201356226293,-1.5298208811029548,2.166122979024646,3.8973476800201583,-0.10762877176925686,-2.7028507390876277,0.22869228767698327,-1.9638569197889053,-1.6346126928613478,-0.7949036739533986,2.3579590071405825,-1.2595689419613145,-2.8127613325174163,-0.10098503631341482,2027.5758619711357
0.13334386075114768,2.023863107146421,4.327244124259828,-3.8423528692339044,-4.728574496725866,0.8437340118643541,-4.290715790421062,-0.4293691541841814,1.0210161989410995,4.597705896055345,-0.8245017532641591,0.5819328700210333,0.4803849865366161,-0.9021392041574878,0.06106318252706655,-0.7356741322436551,1.4670256599339115,0.45792202838553275,-2.423530767786064,0.9438454147893239,-2.021860282376672,2.2841253987511494,-4.515762570445248,-1.9669202687601737,1.0772842344048508,0.8580019044811953,-1.4356735504295126,-2.5342720816133344,-2.483531496718365,-0.5064482514637495,2027.746780511496
-4.668843556574261,0.8954143466592077,1.3302423860351391,2.4125155781968957,-1.2994587308665568,4.304804197308587,-3.196882596528697,3.691186291207418,0.6064929647639469,5.090514206232704,3.1272315524244445,1.1178126785610563,-1.1903651299684184,-0.06873014088462902,-2.9940187990694755,0.2941964145956617,-1.006228706638627,-2.205313540411129,0.36876008511810243,4.871736229692317,-0.34689370310077716,-1.29112155256085,-0.8923439622367532,0.20118022296007332,-0.5692715744963522,0.192101230694951,0.18550920658244374,-1.7289361255225617,-3.7305394994010195,-0.27018311697716413,2031.4782819171364
-3.3940680037240094,1.5229832425133654,1.2478944109667403,2.7890059442879513,-0.28475534425654514,-1.8925702509467976,2.5622410714270374,1.5760309351244883,2.428229673874794,-0.02628056082214203,0.48129006868745705,-1.106803569590157,0.47397187708225097,-0.05621163072411206,-0.5362623937365606,-0.2555144177531243,5.115455440834648,-0.7197740321191441,-1.5370477050075995,2.7776919399233106,-1.1120508178687505,-1.0076195311519875,2.7272347435478985,-1.8635033287654035,1.1104404103606726,0.7358234085809712,2.0499032314719803,-0.5102243517554212,4.7067736904894,1.3684552992114234,2038.6985128190943
0.38974296265933894,1.6029964146225129,-2.9896897539523257,-0.23847834792388856,0.6901451266404348,-0.850863224986997,4.519132217090906,-1.4053598404889938,2.242112986001249,5.01535013712726,-2.6579990532824023,-2.4022142365807926,2.8299047540151356,-4.48084557076434,-4.636932210267613,2.5283544577736516,1.5666871666592432,2.4389635324959595,-0.5695975165108654,-2.0567943207770627,-1.2515307649767935,0.5763191401484679,-1.6910992104102616,1.8570319431893705,0.9358997031769911,-0.9118809544915529,-1.0858494146753481,1.1787602445231546,0.28129967089476726,1.191824722129826,2039.0387329719279
-3.8823539152764357,1.5758602851495302,3.9615671139440334,-1.7186362483336781,-3.4145174311574613,5.103992954788465,-2.6223054879772354,3.1751302681100357,0.5254708587667803,-2.817839738119584,4.0575705825644794,2.247613115131533,-1.3161672945989045,-0.025053785338448264,-1.8553004043716506,2.4819173418323093,0.5556661206312328,-2.625719639183054,-0.8842341969151317,4.412762650700172,-2.3519471068350017,-1.3862186390793636,-0.8191171923723887,-1.7575045666981466,-1.4145957087257923,0.013484374875016858,1.1337038313075554,-0.3547162394634229,-1.9236619021241266,-2.1848595172024474,2039.0893892167346
-2.2088643370940555,3.031768598284894,-1.6186648685030376,1.6923414625155986,-2.0471871321173656,-2.2349728969712284,2.014972535431815,-0.5102466042902094,3.165425540255389,-0.518286702336146,3.926017604792262,-1.3047675934461915,-1.7207497541991308,0.9561230436173251,-0.7663756623910881,-1.195197066501426,3.136652556362716,-0.21260123526999164,-2.0616298147215764,0.9257730283765886,-1.8325552281097495,0.3728604029465947,3.728845090745232,-3.0951511879177827,0.7238332396771608,-0.5557066698581081,2.590034599700355,3.545704553238034,-0.3233444428968728,-1.8820016813825,2042.6328580638622
-3.841302299683278,1.9401279233951305,1.8609422143374186,3.8762299571538885,-3.387462800145141,0.43873095143896956,1.5127290128886333,3.141944120161516,0.5717354374393667,-2.3269367605541738,-2.042050162158783,0.5044827732667466,1.2736384470704998,0.5282779245033976,-3.004137847357767,0.7090964121872073,-2.0610636331812406,-0.8241244115453719,0.3695361779216612,4.196815169124941,3.4917784925859134,-0.23647151497767405,0.9388817512964426,0.791710145811279,0.9664173160447788,-2.063791758158052,0.9098200378534662,1.4568546354088052,-4.1880957027286385,-1.5737733925601374,2051.446598054572
-3.8057598755845934,1.9592603939263156,-0.08256067095264596,2.9219674627261814,-2.4819350243223504,-1.067443478186711,0.9841499557412443,-0.12448145619654638,-0.09456373549841929,0.5344767237676338,3.075435629357284,-0.6604897566531922,-2.07206891240374,3.3932904081200417,-1.581484234486413,0.6451380700847598,1.137455595645545,0.48112243698852997,-2.700088067359092,-0.5963432743810291,-1.3370185937847323,0.727240074925697,4.9427293508121855,0.3504118816546724,2.2478385215140473,-3.247584866149951,0.6156190995042126,3.2209669801260916,0.11823912372948034,-1.7328583111192373,2051.846066718381
-1.5677302447696742,-1.6356661202349936,3.037848844026617,-5.079856048738819,-2.941892850065481,-2.0059576399553407,-2.6048418318013686,-0.17098421915272544,-0.38164352724247896,-2.1084368159855575,-0.6415020095087718,-2.219018205408969,3.3400169394225565,0.07834946708070811,1.0743575359376116,0.15155646709441273,3.52301591464313,-1.940752303578524,1.2749934389976005,1.0935850322301288,1.6820881086660169,0.7723609741012823,-1.6270942150305743,2.8410154523994233,2.4435154970208774,-1.2844849577927349,-2.609143799366164,-0.5095636394394514,-4.031143780002428,0.6248320342970493,2052.9886009207057
-2.514786368518917,3.1061472939859875,0.29240615562845296,2.8585557584004877,-1.9013864069453712,0.6854420922266998,2.0550821879706938,0.44792341595139273,2.2966590287456596,-4.80076952061355,-0.8418264253142239,-2.348446825666774,-2.967454893728603,2.2033573665706334,-3.429418403725971,-2.9360448004601234,1.5209058945145078,0.5477670468885512,-0.6510643536781549,0.29091753337919757,-1.3371596590030332,0.9997862152384314,3.4631643372751806,-0.7080615131117725,1.6223804255554661,-0.7406207214330516,2.4744372435135884,2.7599261394845938,-1.8207634390079561,2.1390115083047903,2053.2877904584466
-3.967230296969334,3.7156591285712772,-0.12814850596476735,0.9527015714767182,-2.0603121189111135,0.077111497019684,1.9087771331909025,2.943527612612745,1.2622753551319978,-0.8632733313357925,2.009015562562097,-0.08769454227052376,0.15334616040608884,1.322038511853815,-0.7778478336585034,-0.2447262049596165,3.310839995362926,-0.29358238017622623,-1.9536635819092694,2.6089120264974213,4.402731868512105,-2.15749319796591,1.9999529862521284,-0.17341868802056218,1.3955974263584552,0.4344722157052867,-4.393783001080037,-0.23047591233998582,-0.0832560363823247,2.7117667889877897,2060.0786534988574
-1.5743668501274743,-4.238156423447345,2.044194110080555,-1.7245229840269154,-3.371782170272347,-0.25920446201118086,0.48639640986534594,1.9739950332389453,-0.3845735914805271,3.0456518966058264,2.9898832601476424,3.134752761331931,3.1401005216056777,0.9343960743210924,0.6825848186571937,-1.3781770499721033,2.7045375055260936,1.893518798252153,-1.9595694055354416,-4.6952307585141595,-0.461580413076506,2.0277251949093333,1.5275328923461222,1.5666159778074369,3.1312431119615454,-0.5340470679672744,-0.5655525111545399,0.8544432911628501,0.8893443327184176,-2.62056345645305,2061.856948537899
-2.224924495364063,-2.123596701270066,3.5480435591759356,-3.663454598500204,-2.8187849252161015,4.860112954150387,-3.0908561600500244,-2.458406831135073,-0.11787857588286854,-0.6068412294313459,-2.1587021066477723,-0.15109646669920443,-0.9160489030984331,1.1789738912140506,-0.6046481222455107,1.2547751304577213,1.0877737813242974,-1.010524134920251,-3.3158988914189953,1.5772174875099678,1.364049784819163,-0.9405840139193232,-5.054027680259685,2.7651730198145414,1.4835791918892314,-2.0614427867518583,0.1548415665690246,-2.0526762122652005,-0.28065380389006,2.1536094035263513,2070.739192392082
-3.059516691927981,0.8347177149449858,2.203081365109453,-5.047768323463567,0.9859439948352489,3.1783221826687376,2.5604644473420173,-1.0116671276425424,-1.3388791437863565,-3.689484200433841,-0.17743150142695763,1.5338948080477754,-3.1685045517969357,2.307885708882477,3.6474659015347903,0.01235703127998633,-1.1197089360742811,-1.2022866002008352,2.1547191916237938,3.215195509144656,1.2747958058539255,0.7375105526050567,0.8091169180481924,2.7042603262833618,-0.043777397995638845,-0.11226775898778929,-0.3843010738675806,0.9205179587385891,-4.492653657271948,1.2676902084029242,2072.8590630355684
-3.530793247537197,3.6541374755551166,-2.258105042160066,-2.454777168408208,-3.2659526229269096,1.9897814535339495,-1.0682929556835452,4.0098294806650925,1.7993671537898384,-4.8550342640988795,4.575884704463691,0.4240974899871423,-0.3103967990302804,-1.6825096358580707,1.2278952626665411,2.853959520887378,3.0768155257152605,0.4223593549395961,-0.7203920344036994,-0.0787777992508239,-1.5439712740333875,2.45915226975998,-1.006932531172965,-0.6563620683860529,-0.5232680398666462,-3.2178535922367564,1.4353635022607671,-2.7134840962277895,-1.2585466449386897,-1.968519779620174,2074.374300049472
-2.9208484319568346,1.2403541426363165,1.2674045430012475,1.1103040405049591,-0.5514104127539867,1.607807031866671,0.873574509241357,-1.4274592595453914,1.6995782562499793,-1.7111431986091172,-0.7890824542204772,0.07209477571876333,0.6074685450888193,2.325381685761663,-1.2386160620591558,-0.3537015356254426,2.573080201028517,0.5950324494777741,-1.8835242236710816,0.704712557809448,1.438768343935261,-0.08621203036035563,4.745624641651573,-1.505867836720745,0.7520733794679926,-0.41292557287042386,-3.545564986189416,-3.2474738930012808,-3.415781398874623,1.2950467477190197,2081.99489378475
0.01082942300879619,2.183839517885389,1.022266554244692,2.34599984106842,-1.5655943961260506,0.559766219540282,2.085049725749954,1.816500134569139,0.8029248288013555,-1.7064005508650053,2.196635535144834,-0.38552212833900124,1.5145620874211208,2.5279411411203903,-2.603886913263306,0.9871677945744386,2.1939825726789666,-0.12833960631749475,-0.9207088381049786,1.7530738877271086,-4.875379078407359,1.9813301068544324,3.5582481435401676,2.278730348168507,0.5831455335649147,-1.17946251875602,-2.5478859408605574,0.3925047052839745,-1.0747700001022116,-2.7990610741040087,2085.8672157390893
-4.755493455683308,0.446386336517675,4.619411538117892,-0.5244548895169208,-4.968961724974812,5.114674754395307,-1.0659778708382657,-0.5595327465566937,-1.7953087179474547,0.9095304248845855,0.10294611050727087,3.6969691338848696,1.989064455011367,2.612473138461966,0.5678439146259626,2.417485828852685,-1.3144177604654466,-0.3553517755600308,-0.2585713200015888,1.510906162919727,1.7531749388489692,-3.919202415636141,2.613050715976378,1.0156628954584774,-1.733500311101775,-0.5895051941478965,1.2303457046949888,-2.705015252190332,-2.0462325283153966,-2.2232518426129624,2088.201574381504
-2.6063802890045578,-2.869948404375575,1.9650852384968007,-2.8289613662039557,-0.7119105810102877,-4.342693349106851,-2.084249531383125,-1.217056353999219,3.075424453713003,1.7301084725024014,-1.8578967069504506,-1.4052158642612285,4.655273680744975,0.10846658029572032,3.3839559870219595,0.20146012976347738,-2.0200486548822094,-1.658967471331422,-1.8544929826105363,2.7475411751752192,1.1268119949344326,-0.38570003244041656,-4.201849885005932,1.1381387078653402,1.0173500239824147,3.0313344696263878,1.5646470983393392,0.8674858553033058,-1.6423264432711677,-0.19552194375800314,2089.504594187395
-4.918470754199797,2.9632313988822334,2.2803289520154477,0.6816082859115515,3.6395185137384534,4.020402845374668,-3.930878701092652,0.09542548974967024,0.9016664061096693,-2.4815653400254476,2.8563420136863784,2.723380083652507,0.9817922150674313,1.5076259910787417,-2.001250990531844,4.516526695858806,3.823897233565601,-1.5828037971246638,0.12499099763846355,2.3531620857509536,1.153698952872162,-0.8178709250297003,0.06091237174119879,-3.1437842779989067,-1.7752522597370513,-1.7514669966693202,2.7844929451933647,0.07510592773421923,-0.9943650649522839,-0.1318971026359177,2091.028512165154
-1.4254659651274777,-2.490529732380955,2.928890950202457,-1.7794730276852226,-2.5761928975095483,4.380565654861059,-2.426475039449046,4.823175220007587,-0.1080371613935398,-2.5367182931831946,-2.161508832073234,-3.0560938800189956,3.877359550577073,0.8460033826395141,0.6465032917008013,-2.414024486926976,-2.7189605632979386,-2.5357442033257023,-2.2079702236411185,0.518572105631085,-1.4655484713461866,0.5989420032631111,1.8246144387298777,4.532793383492378,1.0381300710517443,1.6563347938000266,-1.1209563963122875,-0.7808570265355208,-0.7104499491877294,-0.3644900383693894,2091.367432065192
-4.649698478571088,1.8831811944193322,5.111134352531411,-2.285246049749812,-4.402257230431166,4.886185904491355,-5.10832557325496,0.9079504104745684,2.5592698815523045,-0.7937283009210183,3.5452842878787116,3.357861693944298,0.7178249854296835,0.12467626739036758,-2.782932434937738,0.9588235602570772,-0.8915484397181709,-1.3228621760373425,-0.13150452819992964,3.0421843181263575,-0.6175333731969054,-0.31293586486418634,1.7372207402525564,0.8362760508772369,-2.059375926562769,-2.1710974273604946,1.0796039214176874,-2.6494416280719917,-2.624600943263663,-1.6061879888617425,2094.546972853951
2.297833500872695,2.594040072177151,-0.8738607583590743,3.6364405906043658,-1.2328971621960492,4.564384231897437,-3.857211000046239,1.1052641233934606,-0.5547658172158079,-1.6875610985580891,3.692981675473106,0.49718688886292206,-3.425936814340818,2.042757208451877,0.2833099414305653,0.1743918166279559,1.1672509350225293,1.9464537744764288,4.044699715200547,4.011960820172771,0.233901829219148,0.6153661580922541,-1.2503886077522681,0.14675688987655622,2.7065389145556824,1.3922843587684162,3.1566173184508397,-0.7134362290458973,-1.6222687876806074,-0.7061377520558343,2095.5345966520003
-1.5448785158384128,1.124988237848583,-0.26483520339576727,-3.4600723372945597,-1.433505557616088,1.0459666376235621,-0.6038226126528352,-1.5229231673216146,-1.598003985041468,-4.02481094661669,1.87431842554143,0.6830645626040412,-2.9364874553534897,-2.040555544185561,-0.7509158587332745,-2.415837279538129,-1.6926109333545734,4.23949997695817,0.5579968415904031,-0.7567858512868693,1.8282494966695442,-3.574768928076132,1.457163456470064,2.408410814139092,-2.7036771250856746,-3.7531357363712385,0.37771656055114067,-0.8216178854969522,0.20418789405307544,-0.21386081122152667,2095.6994142120884
-2.7205509462575286,0.9357292473150474,-2.722809566288631,1.6694157678767534,-1.8806923207610573,-1.4735743201752514,-3.1169150067562863,-0.1290062915258554,1.563340737382811,-1.627149333373184,3.0396482602075108,-1.0044119877772655,2.951592947557242,-0.6810836687633981,-1.219732530985779,0.8849000773128399,1.5298506798408917,3.7226566748228596,-2.478238454203303,0.13289083761826337,0.4135111669587106,-3.610384658074807,0.6073658321686075,1.9079113391630225,-1.4805206738977466,-0.1373220944528708,4.857919638292821,-1.5242462963069134,1.6868575598238154,-0.47944829620636376,2097.62663374993
-0.742656620457395,-4.050869942635702,1.4959922610566039,-4.789762594370879,0.278152562096448,0.5438120803530939,-3.001535477821956,-1.376343591937278,0.849476109635824,-3.507050960468467,-0.5603893984731552,0.3187014602915422,-2.949744688332657,-0.26793416452333796,-1.8852371449147585,1.028562466865857,0.7424543040164284,2.6103944386275355,0.9974159190687913,1.5709412422208688,-0.018500734941641145,0.043285040611385384,-0.7040899561540668,1.2405323888316533,4.34023332519962,2.379661639352672,0.16434795132048374,4.3799042488836335,0.23874578001690566,2.3155760873944247,2097.9723014489846
-1.9850149866206919,4.035875176446034,0.482860522800717,1.41205409994303,-2.196773765455088,-2.9681179752616287,2.922439488607346,1.623816518012406,2.7365008976293788,-1.410738209492346,4.351360591777138,-1.7365823412603485,-3.0082680198365814,1.8725412410946758,-0.15069253580965547,1.2489744210584963,4.487052544522255,-0.27705049525676473,-0.0112092005930996,-3.1794057605607935,-3.5206819853497304,-1.021521424835206,0.2751549878862578,-1.797336532907094,-1.5782545023317236,0.8594541576842821,-2.1924244018913126,2.2642905391860206,-0.4634561446956369,1.8685492086583424,2101.001993591783
-2.044414716710792,1.6037184913338351,3.4505414259744596,0.4261602016006467,-4.52771455863229,4.1970013957650165,-1.9557000615011324,1.1234938894636946,0.8591261255976466,0.7064006821198641,3.457078542471671,2.5270979146809283,-1.792310017138897,-0.7108103126491779,-2.5563795968245215,2.344232964146188,4.083535973524963,-2.8347648675284676,-0.5226279206980448,-0.5385041949980938,0.722586647734432,-3.9213652482942427,1.167374519467933,0.6431456593012874,-1.3746556767551334,-1.362967641920459,1.7337616732324488,-2.6728207358645037,-2.0764904512795948,-0.9160305073580202,2101.945809796062
-4.094312806930379,0.975765133883489,4.118561912359818,-1.1614697881603473,-4.292655866240475,4.557514389550961,-2.3647953483974797,-2.3502658168461394,-2.3390096003044016,-0.4154659169834374,1.6269234494769733,1.166265925344455,-2.195259483303728,2.096865471398787,-1.4799252605386095,2.0064792768488093,1.0373529308600888,-2.6954675392675487,1.4378699153844092,-0.15305898319947353,-0.14272500489220452,-1.4372377206269886,1.5929501498898122,-2.1118923399727914,0.4352629253028736,-0.886763989199671,3.1488413540772933,0.31256302953339554,-4.6465466784485505,-1.8126723342205369,2113.345669333493
-5.116324134969828,4.316214261285401,2.2315962476682882,-1.8332473626679975,-3.5938745009913533,1.6708160861281338,-4.700293068852343,2.554015545122427,-0.5517481464546088,2.822511926145392,3.32605724815212,0.4869204389654497,-1.428590208187775,-0.9556573706666579,-0.058054412795367716,2.9560917794480885,1.9018799204396735,-0.31617438354242045,1.015215704476825,1.4836038886011287,-0.5926411422567718,-4.169751263232704,3.7957112374173967,-1.3270718334400315,0.881920538357699,1.2062440071692666,1.2300239747491055,-0.890705914742451,-0.12210229167718434,-3.409692263022146,2126.0755596841836
4.274840614977148,0.2860307772379326,2.4728239376341663,-3.0999548810902366,-2.721776972002102,3.1552627368332162,-2.7616396824020724,3.6470830658703632,-1.460563528989522,-0.745128578656565,-3.159243992375335,-0.496750636425067,-4.2691993824876695,-4.456961766882389,4.416378342015281,-1.997939744808082,0.9263261472343156,2.7222079980948974,-0.36481449062265703,1.9164046412050624,-3.1769278701421966,-2.4284846973278205,0.5166366028928953,0.6221788693651623,0.06262894138668168,1.2185869899859796,-0.8086081330216524,1.893241551726471,-1.1369692371602536,0.64324109814628,2128.4751102386913
-4.697330281796837,1.7098363566122852,2.4794748325631737,-0.7589793364530151,-4.605206440028164,4.725065346472929,-3.8708437249237972,2.4513519252433014,1.1499400419020516,-2.7204044440372477,4.227670764124694,3.1301474360117494,-0.4999632605812099,-1.9895129930921516,-2.248923450756923,1.653659951310448,2.3805269776618747,-1.3481955592576296,-0.008667853768071155,3.5886615351434035,0.19773403254257124,-0.9140115808699614,-1.0952768976275518,0.3909039647787223,-3.188094391603975,-0.3489801222848781,1.2854056929355548,-2.2656584970163345,-2.4291522296486443,-1.3611927240101365,2129.3815017411325
-0.3568061703639386,1.8694492680240264,2.7279513988899398,-3.8028982160563256,-4.077185270315403,3.7985845037232853,-3.0523719295777405,-0.9364623344968906,0.3282545794215156,2.1777231594724884,3.8576904059716393,-3.4726949164077294,-2.238567502793233,-2.6751039872458033,-1.7420082953047686,-0.4300017896842032,2.0725644108439134,2.844583666945131,-0.7249816418678516,-0.05400325413197926,1.0652617200387668,-1.8417817662145337,0.04433503597333904,-1.1085754728415727,3.9095852267585567,0.016879153710147143,-1.6043884681852494,-2.64024306028499,2.7997987186988778,-0.013882555885800674,2130.6985648632945
-1.7469684324379373,2.7325486564567316,-1.9207260945115898,2.9133501613490527,-0.47197647101706464,-1.0893358131371618,1.8002360161519602,0.8910422951861491,2.5827474367077916,0.6901293937574693,3.5852757573871283,-1.3737051359238106,-2.458143629992337,1.39536619777635,-1.0262423676646368,-0.11388582364957354,3.211810991294563,-0.6967166588388668,-2.6015311646922035,1.039202326968867,-2.1695573547471145,0.14780933890235298,2.5264231599139015,-1.6810519028924333,0.5156432176654183,-0.347803686015126,3.1584272760390473,2.53852356667256,4.384167163221341,-0.7130157118918035,2131.40778509585
-2.542356548403712,3.766958639074518,2.3641377945299595,-1.3295819096948274,-2.4009004761152664,2.460378761692105,-3.0009004464967384,-0.12986244807116887,0.5130684974611036,-0.35619729500815545,-0.3242198550240649,-0.5708943238200748,-1.429124941139348,-0.03339980880283777,0.041609364705345264,0.6242218886792308,2.3045710389239016,-0.8486527422970016,5.112001726445937,0.56938738307236,0.9727683686296871,-0.3561924289800418,-3.1537907602733557,-2.14120959091249,-0.23231396760413325,4.622968503007265,-0.48197698368380615,-3.0872666698587565,-1.4125481473563843,1.3053009619131772,2135.38991775673
-3.018003765810468,4.698452146646163,0.28425792403907135,2.236270883802875,-1.2536828257665646,-0.8833195267323651,1.2495510657322604,2.0374366491461684,0.391485640374059,-3.526243218230259,0.6126925413582721,-1.3326233578648843,0.6427373969733399,1.4677542903774432,-0.469889201509198,-2.038031879838239,4.513230311068826,1.056202895229257,-1.2958626873790848,2.0864690453752766,5.000874289639922,-0.710541865211304,2.787630277518822,0.1633020772901542,0.5114533465221436,0.9570447146012886,-4.181096076617131,0.41983851117483584,-0.7023874384173032,0.9690621621585704,2137.4097877987065
-2.024560053137365,4.407111916313898,0.014946918786432173,1.2582598754783927,-1.5718930334072625,-0.26557332595300603,2.3834961657835216,2.6268381937207446,0.3019966911614477,-1.795255191650998,-0.6291575020267707,-0.34493886018468767,-0.3364282983184105,1.6987238977252326,-2.5076332946869435,-0.6228376310065791,1.922880577722153,-0.5196454349757517,-0.5226278787695164,3.739100713898877,4.056670570905729,-0.8901170387992964,4.455334973634095,-1.5026088153762813,2.51608880769058,0.5291295638520526,-2.996492284000658,-0.39674628177829563,-1.5099273054808249,1.8032055409279617,2140.5891375534056
1.7237996861780411,-5.089850531586424,0.693978790530261,-3.012561629331196,-2.433158936716292,5.109529249007437,-3.242811980616888,1.0640387301852183,-0.4012206044155697,-1.8722128731958567,-3.056009448504695,-1.661370983225769,-2.0191243562152326,1.3243394976102993,-1.6297531496511362,1.7755396548098044,0.2502476008473855,0.6613138279805667,1.8718308327567559,-0.8638241593777768,0.5071280356837894,-0.46621912895475726,2.49449336326511,2.6415015225580003,4.604801104316304,-0.015254963006982702,1.092988410327618,3.040551548704373,2.306792377625746,1.4183205970802257,2148.717465969028
-2.6455640402885,0.01777487380329723,-0.2635698274709444,-4.228299797270061,1.1865175555844756,2.894425966560404,-0.5348820392459099,-3.516520967363044,-2.7501020904718896,-3.2630573832494716,-1.668025181104922,-1.1581801472816737,-1.6250029006235347,-1.4095820677919337,0.735741621349427,0.877787359179527,-2.264977166004769,2.791957563308313,2.805480381363936,-0.6208182954095824,1.6758357339382108,-3.2123231741500757,-0.26721890667313647,3.4635725880044714,-3.471940625900404,-2.007032011155281,-2.2323037584250183,-1.5553117784915398,-0.9612531948330996,-0.6581250748564087,2149.2795147928864
-5.11480895826474,1.459081112804022,2.757754075640892,-0.9369057219519794,-2.8822695689415894,4.668592987188383,-4.551061834810208,3.25786494548714,-0.4080851627449671,-0.49707015747181926,5.082631680041697,2.021061355647031,-0.8550385898529593,-0.4220531580876032,0.6478994036365064,1.3569113985088592,1.236236644107158,-1.570150181940148,-1.581075247419466,0.08822067546996637,0.9356571045515346,-0.6237334416170314,0.7662926748102667,-2.727345711590236,0.6246766199020866,-1.2550868668683464,2.0571621345944555,-2.5217891693003764,-3.3638936149285468,-3.1496084980065495,2149.633287911487
-3.079194198239384,2.232488914881821,-1.5552828516978883,-3.9247970664018283,2.258533583483712,3.8284469480811287,2.244853277256402,-4.185473230122639,-1.6651850196867222,-4.189751828183539,0.5150214969988242,-0.6617388198023946,-2.899317161536182,-0.377245467735799,-0.317935142402078,-1.3788761071702589,1.2283278980892536,1.2026260008095626,1.4129529366631608,1.216857614922875,0.7965429850115635,1.1244301329314332,1.929582961522059,3.744473301461948,-4.123220748189575,-3.3916606895532326,0.43690716117414186,-1.8437987496868091,-0.8856439491129232,-0.18890939725277073,2159.848788244586
-2.764016477431142,4.910084720427319,2.1240697193047886,-1.6553036115567137,-4.708360245830318,2.872519628457013,-4.290488722543698,1.6054784498622574,1.4446202403281976,1.5887488246005765,1.654403498982633,2.146369567089527,-0.06741495228832606,-1.4215028122386753,0.04996490643482551,0.7482346404754393,-1.8542599183310418,-1.194293768909564,0.09985244430984952,3.220507994663221,1.9600056040101448,-3.591545638076456,3.012670731970984,1.9934124233518298,-3.01469792083288,-1.0955223143868826,2.621317935088319,-1.6608391856862759,-1.9232706019968941,-0.7077266174587754,2160.7365030654473
-1.9016917016780654,3.4270068134317144,4.291427913583071,-0.6739572165095054,4.47775123126347,3.2417875329146018,-4.0048173151781645,1.1714290298006094,1.063550924742009,-1.3443479346578158,0.2888659911445756,3.4143761671018398,2.4260637701647303,1.7605694529710008,-1.2976270415197042,0.6049826451638738,-1.5363275532412413,-1.181086372649238,0.08093784152522965,3.172214100615472,-2.8896869260752447,0.5797577363701927,4.89055735423771,-0.0044053927190841335,-2.9241911223786397,1.515479865162024,1.1558168964951325,-2.168325006585261,-1.057921135321607,0.09588920336644052,2164.2217554532854
-1.0434079549852728,3.2919971724463695,1.6827474701702725,4.223286776954889,-4.637125094508857,1.8969057777338187,-5.0941010385814804,3.7588100803516777,1.533538756437714,-1.078399262743775,0.42951423488203366,1.9861270348120683,-2.529410764365514,-1.7317027035660912,-1.5019662137109984,-1.56489231515218,-1.3579968941849196,1.4329893014017792,4.390247162873255,2.102931183279939,-1.404439683900174,1.5443469998369288,-1.559073881122554,2.1492307493885927,2.956034529849126,2.6334908723891255,0.6510765870331654,0.0814912936545854,1.36954933867217,-1.9517407487326643,2169.4267877697034
-0.871248032952081,-4.085533416278414,0.6846839955352451,-5.107820280458139,-1.8741857635010415,-1.8074783520283468,-4.507468266904786,2.1475128876689396,2.004760153985107,-0.37498692715444515,3.415456344345687,1.520580871301242,-0.22873829845076155,-1.9413865619597865,0.5285794472188758,-1.0467191534310498,2.8299462105705793,-0.4548653757960537,0.665352058575113,1.6919317422238667,1.7775512124019164,-5.082188557625876,-0.560743223747185,2.206673784838399,-0.03403123637015293,-4.003571474402695,-0.005832847013167192,0.031644440395730555,2.143832814841984,1.0461392165482581,2172.1307300038634
-1.8396347551279852,1.9295864480367761,-1.1031569281612306,3.26082391466714,-2.5938314762178862,-0.38533785974117385,1.238293028234907,0.5756741499776719,1.6242971962133779,-0.10420882726636238,-2.0258724623254865,-1.4919730643095244,-2.082429108835341,1.5363823734796334,-2.310965801297452,-0.35799566173966807,3.4814815067697475,-0.7581714731316996,-1.969631694265122,1.4581114766334538,-1.7772448567215817,1.6700883309517858,2.8985182718175797,-1.0445852693349806,2.1432243839519023,-2.0964704774780722,4.726886795732954,2.3391888731010515,-1.3641832585571603,1.6573609136680418,2173.9322696874115
-3.579924874861733,0.9115882536648694,0.14921809317010193,-4.162316120321737,0.5558389705662035,3.5603508017333483,3.9272643125277478,-4.556328105192714,-0.7121660885470003,-2.8056822719819694,-1.1815294735584068,2.6292195114386243,-1.953414351734388,0.7554606150828065,-3.145682396364344,0.8677754611806334,0.39494465502287635,-1.3509852654033074,0.2351059728823533,4.480194900812308,0.9809096991766975,-0.6345160668037219,0.8224978662026321,0.8611504501701215,-1.700027722958618,-0.8280666507971669,0.6014052432293842,1.3185405272063675,3.4319583623891923,3.4175194840078893,2176.0562250322864
-4.4537056950840705,-0.4979032994457573,4.615757616044389,-2.066423049099091,-2.3643812811050475,4.635334784981159,-4.883065479560608,3.3658140954976283,1.8717924178128218,-0.3653412241090954,3.230202659006112,2.087730861233974,0.10416667783930311,0.5002947936239358,-2.133908853300607,1.2266521496855236,-0.6511452730598626,-4.659460258620963,0.7782213862406094,3.6421374260773556,-1.3726243383057966,-1.372327696723239,2.0144715132525315,0.041383178912919205,-2.3440730367067197,-1.417363575621686,-0.004927062089044809,-2.420297829598863,-1.5175528160838714,-1.7925918780129808,2177.697829429275
-2.8713109539529977,2.5488808382818973,3.952369059108872,-1.262301269347251,-0.8605255213842158,4.52613637400025,-0.1338229860046074,-0.9235995573171365,-2.007931563639556,-1.3598742427542811,-0.1866502415190014,0.6158219410285872,-1.0966963824093194,-0.243779031755177,0.5509602179125772,0.5894477752651559,2.9433338689036694,-2.370764311149964,0.8514536979535648,4.613277761405896,-1.956843481040261,-0.9684416452456996,-0.7278795822267503,-0.617059427106279,0.6596526449843112,-0.40509377768839616,-0.795337556096751,-4.68905943898698,-3.8521206456501584,-0.17959744417724066,2183.7342158749
-1.5795768081227273,5.103632707192702,-0.3367733850726844,1.7266305989114838,3.8912615706128078,-0.8017849624565265,0.41328817520452166,1.8254216937942744,0.1920444568713079,0.051686331254434226,-0.3484386721054854,-2.1639563434998905,-2.2751892085381775,1.343441307398995,-3.114003459596934,-1.5667591470420548,1.1114901486378423,0.2203683935549327,-1.346500780171054,0.05034515318606991,-2.3341542141122744,1.4477098376082618,4.536773562736549,1.464667711849463,2.5256206887462804,-1.612559351992082,3.2562188778614605,2.4443721842805286,-2.23413330352788,1.8984693359249298,2184.7623959536963
-4.002347338958282,3.298538179708852,3.587082561615135,-3.4000332293753877,-2.287220172185127,1.9674281769353206,-3.533603956253016,1.626994386396658,-0.28947890077016347,-2.3388705810727792,1.4862338063039253,2.093551362192396,-1.8364345749680002,0.38160519605064747,-3.9934606593071496,1.4956238616350974,3.0613062578092185,-1.3939899542624132,1.876516971525887,4.278538543235895,0.22853935819061,-3.5559613740971336,-0.6493261245540904,0.48238523437771363,-1.4182218433162843,2.2527118664511745,1.825980728910726,1.4115690485770027,-1.232616673524784,-2.296642728701128,2186.044882691016
-2.834840425729025,0.862936580704281,-2.497678407856278,1.3878130195663039,-2.6088602472550093,-1.7362633274000343,-3.4792055762796306,0.17560977946149525,1.601785001862721,-1.5300611295856954,2.9579481372420986,-0.29248240334997944,3.1404306304866285,-2.588353609073482,-1.1903464166616,0.7642508055033277,1.5212945333640662,3.6153758891163092,-2.9668227392202224,1.0928470524495293,0.9456551191437939,-4.4150081495811495,0.6235789761746644,1.8633332920190846,-1.2283689322082263,-0.3197768143264259,3.8962332372888806,-1.619299225940118,1.632790888268785,-0.6616546851508719,2189.1732582639456
-1.2071849030884538,-3.2291313288535024,2.814191170412883,2.291761464838742,-3.41728173333495,-3.09337061149155,-3.997608424637652,3.7078963006288155,0.24989669821566818,-1.231635178509244,2.7187899782509595,-0.8145271182641605,0.6338104119250827,4.5870955720494155,-3.239389774407875,0.4339853504821285,2.0136991137389266,0.7199293022371351,-4.391744471518747,1.2432798223598147,2.4911972905986333,1.2210352177627593,1.0126551067541898,1.8678124989939282,0.4647712958412732,-1.57735335768039,-0.8334266039397832,-1.0791958365971817,3.088939170467992,1.5881972872071386,2189.872878277048
-3.0504870145617615,3.9615801642994803,-0.9991581478160236,2.022539532626543,-2.0544712853551066,-2.767511540516757,2.3198439457485525,3.3777840756880284,0.9900675957373873,1.7095633149331737,0.08704221413683405,-0.30497511021202994,-0.49597962967734066,0.5045227987863717,0.1707189979028888,0.21649922952538425,3.4146130447003937,0.1283516520595982,-0.34218058257477213,2.134823643275681,-0.4898428844544519,0.9591431253831006,3.2657632522626305,-0.45122546860440343,-0.9148496190796747,-1.501541634142666,-4.575128389497718,4.0824004983637,-2.7328067043203603,-0.03805730731803009,2198.5741641136347
1.9342361642421935,3.931342942912501,-0.6475542429653248,1.182693873119328,-2.5050840137996158,3.631895187597997,-4.719189961162359,1.865428011776662,3.562615858454906,-2.6747626454206976,2.616090751628997,1.6700358059529532,-3.120691468697138,-0.6506360631669146,1.6630046702553787,-2.33422144298535,0.6174147158796582,4.141039867447813,3.8985225280961346,2.24696502206583,-1.1630294855152707,1.1593387425823893,-2.185757797125757,-1.8505376770337523,2.4822033013160354,2.1771844429519644,1.212031455606207,-0.4006880404424842,0.33603808540190194,-1.1608657424822084,2211.5575057315564
-3.714131820332358,-1.5222235290114159,0.6486938218914826,-3.465885768028232,0.4251506954925359,1.8134235359778226,3.5668793144403788,-3.221204994360439,-0.5166941578698458,-4.712780617329709,-0.44844030553866854,3.607368785103654,-3.0872641330222965,-0.2427327854191101,-0.009457856443329193,0.6703120775985246,-2.704258742311112,0.37869592122536033,0.5916437364225354,3.914426860581628,1.2130586193767263,-0.1698216526923213,-1.0086407754875282,1.6245051882904153,-3.337314966614703,2.405839241298456,0.28161236796693545,-1.1485586635980112,-3.25474795662081,1.8559396908069838,2212.0729351517434
-2.637040069688311,2.7506700566199367,3.5743868514419384,0.41883183264631607,-3.3344973091621988,4.193170458528798,-2.5030363264561477,-0.4019028192225649,1.7634889939107607,0.19136690469030504,-0.3719878142558902,4.747704181703645,1.0247721545350146,2.4931189937723865,0.9917193001443515,2.788185788923709,-0.08856859268498662,-0.7654160940911001,-1.4571826934766565,1.1212622837636248,-0.41611205170056664,-3.3912451140665856,0.8827281324251022,1.9147201705234687,-2.8738278927014647,0.6032613715835999,4.304364179332907,-2.9474718686885093,-0.7488685804087583,-0.21226793149209758,2223.2997137583834
-4.1900670822277535,2.5918934004966694,3.2115259347962883,-1.7182677615379092,-4.232821282790816,4.648963339449797,-3.061438494996479,1.3164191235602445,-0.09017917749538384,-3.8282685849692033,-0.2047853541309692,4.863710386678506,-0.20184548944232183,3.1072306622567014,-1.0452396084968072,1.5236826979844922,0.5873969132647329,-0.2693690498102039,2.012930054516501,0.6694832767936529,2.969455159456745,-0.2803167666917289,-0.0754870163320388,1.1292828605712708,-1.492174452117693,-1.447906255093644,0.8103331976795022,0.47094625231530807,-1.3313156333859666,-4.960443545124323,2227.116207837676
2.0206245907816585,2.1788122314431755,-3.8473692520188134,-1.0894296785905322,-4.458432793465807,0.6632150495487834,-1.956088079651656,3.503289658441078,-1.320973989315474,-0.20019141534679497,-0.032179193263397694,3.926301959493318,-1.8650477887072063,1.1190397147370401,1.8122129661989494,0.5334595725668676,4.965124280588537,-0.4474769213112417,1.248267738696729,4.28372774484844,0.2067808766458647,-1.0467400843418408,-0.632869620793358,-0.26618512911495695,1.171080789701347,-4.307136079806728,-0.8078688582351263,-2.1650747464119924,-1.619383101681463,-0.8845772554762539,2227.6424044573305
-4.608708315500271,2.391638841400585,4.318181702109509,0.07681738349341538,-4.779166871331283,4.594919491887506,-0.5944802396578579,-0.34191187347596363,-1.9589549789276393,1.117780825471242,-0.731051229260051,3.3187616123463353,2.659887081793901,2.2124116917981755,0.35205397943219074,2.998725862592875,-0.7913239246051147,0.16574538019089824,-2.498689107067563,1.2110265905378852,0.15913934369324745,-4.511573820819989,1.0261990643839085,0.5744308189920053,-2.237998872606715,-2.2831324364830112,-0.45289592942484247,-3.28375138752505,-1.8786696590552001,-1.798894236028321,2231.4596662766835
-4.559278272648711,1.2864707538633995,4.469594472587891,-0.7166573747282173,-4.414027727031751,4.553672376561137,-4.024059972691564,0.9601374963554794,0.2749645026283145,-0.5440269257701772,2.5657759308422703,2.6594402399101047,0.12969252473997295,-1.306841202173435,-2.801873814425872,2.938405022579818,1.1369731589938359,-3.21766892795105,0.46804493499348154,2.091573117798931,-1.5464865006114097,-2.3254971900750547,3.0656153321214132,-1.679349793245537,0.1355791317038184,0.1350995648169393,2.0847910964946426,-1.0684739000121595,-3.2073084419955276,-2.371346591135157,2239.9022828187353
-4.830167267096099,3.049508746456411,2.7809342468108453,0.8684450126409371,-4.265247688202235,2.9361684418221867,-2.9577125704573386,1.6036220817794853,-0.03086188589068961,-2.549919910745116,1.049897022980939,1.3103240102814717,-0.8630545369458016,-1.558246375122733,-1.0512786818496718,2.5244235329252365,-0.018958480655622556,-3.655995047772511,0.5934308121390314,3.2651831998008785,-1.5335417895326748,-2.5680153618375363,1.001871528166708,-1.1106023423950262,-2.432341747721487,-1.1147158758275257,2.4233595544121287,-0.8654136136761521,-4.580275438081197,-0.6284265464957159,2240.282111153272
-4.449203917474846,-0.6472764927453616,-4.227900230743568,1.1301379673612666,-4.21399781517311,2.030259066088395,1.4126324107173174,3.8512434761986163,4.2937410079414375,-1.6144427467999092,-3.122522746207793,-2.565334268870626,-0.5060165513220904,-2.6971752207479898,-2.1275673357602534,1.0533599829632632,2.2472485464305847,0.7187822055957929,-3.1050851183709023,2.213981748229741,1.5280475660371913,0.7211353754890473,2.0282632840351678,-0.8755794506865284,-1.630451716627565,3.9060326473720868,2.5584415193941723,-1.4328182346654166,-1.842110043008295,-0.3626982927241245,2244.133780743976
1.3823256212360675,-2.4280807626111347,0.8501871072877303,0.2721928195782519,2.2628611050828056,-2.741194430368986,-3.311512910864674,4.048600583084,-1.419188689813256,-0.6025612631577846,-0.4968575671586567,-2.8717219631731217,-2.28115510434848,2.3466079170347003,-1.910519465379578,1.3124843055365347,3.987035114912718,2.7356119938179497,2.492833221579427,0.3236223308326214,-0.4410003155100857,-0.6035673892470345,0.6912734751893457,-3.0440970110791548,2.164066546510124,-0.4105217654060714,-2.0197705782914928,2.9448700239375807,-1.5771785641058003,3.0666385963789784,2244.5244321152713
-1.8331829401578674,3.413289496713491,-3.6006983269036232,-0.13596031373194029,-0.2560703337792629,4.729814059060509,-3.5979235266013494,2.774093764372039,0.12869368716355753,-3.92493864277165,1.9036184243255074,2.5013274542526536,-1.5031743159643396,1.768972417056278,2.190221898065321,-1.0728226337244624,-0.680432622681165,0.8959405599776289,3.3515205543499675,2.9140984813536326,-1.6510879730706212,4.014443422474372,-1.0707496894258193,-3.257097635412946,0.1075714227108524,2.8619583352963858,1.799637849664224,0.8172848685252054,-1.070055544001307,-0.5511668856211265,2245.131504580014
-4.344213624835625,-0.11978387277917324,0.45206166020048005,-4.926741457655503,3.132588691659104,2.5764207877737135,1.5672016030424607,-0.5419370439018407,-0.6257540938810293,-3.9535954257487402,-0.6907004323027918,1.5188836016208758,-4.847844305657021,-1.850098144745961,-2.4560257274080284,1.337955208558638,1.0129219160599476,2.1767723340017437,0.4002799408687811,4.752898849287591,-0.42861184976795175,-0.89032461146782,0.9161882764240669,2.174899989641773,-0.4602127043384871,-1.8287364292268344,-1.3182900335856584,0.31881751155757826,4.154314324293439,0.24866065474120574,2246.4362028683536
2.055098576451942,3.87677828856371,3.753588654624483,-2.937658633098225,-4.231370472530674,1.7674196800247142,-1.0284190000757574,-1.1156991724078815,-0.22260871273806782,1.3756038819631629,-2.229572109750357,1.1927836248285524,-3.2282959105775357,-1.5754311412542585,0.9721806544579508,1.040008973995453,1.7155366543618842,-0.1899813405762416,4.447390811042186,0.1396478687410424,0.3535079457930203,-2.0699152123016376,-2.053333221856335,0.7051226967782196,0.22221743289383689,-5.10651878320259,-1.2029884958965693,-3.6401613451378276,0.33591818062373546,0.2652827586814326,2256.9057718468116
-3.107316694823896,-4.617227403685359,-1.6855597371770663,-2.010416119060925,-1.3318512132728013,-2.3157076183114778,2.3208136009494384,3.9264924484807304,0.1734785159910005,0.5582370116358986,-3.803148744746671,-1.7337867024057299,-4.569757423075496,0.6385073056118697,0.9121630095793931,-0.842960546127594,1.6681035566360338,2.5322357745891164,1.529367390832038,1.9303776062270894,3.068877434717334,-1.1686809443015531,-3.7142251591264484,-0.04285223767462981,0.44593877692153117,-0.1695027799249636,-3.343148712221441,-3.500835510666024,-0.06340082450175466,0.2750456056494912,2258.5595421468047
-3.093669709593534,3.1907360554131126,-0.32000317353392216,1.4161518895441865,-3.158154624479484,0.3217130406739064,0.42491801475163227,1.2990928683875784,1.0521200312046912,-3.878013875299171,-0.09541819735926671,0.6926222451827815,-1.6107041256885148,2.2850583620004508,-4.056938689890921,-1.0900525680014614,2.4992435218076468,0.1281229295780486,-3.461234722673705,1.3969855464088898,2.784874218376944,-0.3685551963654645,3.1346417757860303,0.017646016018823235,1.5041964537834147,0.9512732097810257,-4.62028505511505,1.2442668750245667,-2.301243466105778,-0.03231544405744802,2260.861558822909
3.3944895246467297,-1.003265425165195,3.9147859664290836,-1.5008012718601016,-1.1358389588958737,2.533190582882463,-1.193570965452102,2.578096616276257,1.4029467121835957,-1.7984774114566013,-4.42482153755016,-1.26891264956424,-2.1252509883477835,-3.972414712106855,4.6294711438606075,-0.5820329631345983,1.4149144948410903,0.9769013148172679,0.7579982289219062,1.1642339102327561,-2.913926664939102,-1.1692780410689936,4.694920205984361,1.5420546966561308,0.9979465484479583,2.861521506303257,-1.5564025921775633,-0.1587609699667878,-0.16871787395069626,0.9588301086789721,2261.887610927936
-0.904143121681416,2.9845259405848186,-0.23051472317917665,-2.2038105818921716,-1.9973122871670914,0.25370061630721086,-0.06119062477755699,-0.28956307164507544,-0.6268684355402314,1.383494171104941,0.4293215423382639,1.9435141372475546,-4.017853068274213,1.8019535229373047,3.0134584011710537,-1.89939080815444,2.1960221214158446,-1.7696217288221177,-2.889509479690957,2.3453734237433386,-2.456903368725659,2.798229573526375,1.1187701081572445,-0.9714614727626678,3.0619790316126525,-1.5403385543377754,3.4016652312674225,-0.22117853144203936,-3.126917453353373,-1.0561343594205312,2262.8925589370815
1.7516061485965722,-2.5975489040780038,0.3031646572305984,-1.9082204768679205,4.254464717521226,2.669663127542635,-0.6933618542175466,3.4030401674265507,1.7228085190353717,-0.8402230025734408,-1.4293180643053123,-3.2215026920161884,-1.5879979495017964,0.19987530031289374,-2.840557300502944,-0.06543908679557742,-2.605543685874927,2.082346985443556,-2.804768500991433,-1.6548499377484143,-1.0076821898520252,-3.2893971035764684,1.3880047190545033,-3.3999106780198374,2.654788252796636,-0.736771338473619,2.2339166649387163,-3.235008960461403,1.5572741455895196,-0.00481736301991087,2263.114092538393
-5.082372472094668,1.4214766899179545,3.2737637277070784,-2.558228253880068,0.5304901567901621,4.916975166673169,-1.8514620009589613,3.8536751140946213,-0.09823171353112925,-2.4537779689930987,-0.19407238553259476,3.7441119077500487,-0.9767531337451287,0.2369409794241376,-1.5730945456427914,3.0727407213198568,1.4270550217758415,-0.1850686149198475,0.25661700288692224,2.932978066372021,0.25612229852950236,-0.46859471281748144,3.6616420343440303,2.8953340948160973,0.37854159935014,0.0824264801335582,0.9887294199792396,-1.0735224037497448,-4.7869176501672985,-0.44126289227638116,2264.8754183713854
0.23732647293604048,-1.7334046134435939,-4.804142922899916,-2.5182241493129145,-2.8499515483963127,-1.9757693098261973,4.036575163866652,-0.27944683204640486,-0.6402393997346343,0.8423806874420776,0.0500607119041547,0.35592450080247096,-1.0505007786040754,2.254847843667645,1.0716171822649474,1.2857168327895336,-0.3029931005826081,1.4940246054255204,-3.320174297937037,1.1917813102841406,0.5342018726031895,-0.05577158758268708,-0.8547557113525897,1.056361967230229,2.2309660788988808,2.4576028466975828,-4.108516718495082,2.291535326774672,-4.5690995512409796,-0.9224273080895382,2265.3648989788103
-3.0448137854337283,3.2712715581980536,4.357816731747259,-0.2500665146082459,1.941817567823384,3.4416588642766426,-2.2283640791616275,3.8746986251799633,0.31428744521191354,-3.44079863998521,3.3605869617728064,4.369260064060489,-2.026228042628655,-1.115983595953472,-1.697334811902499,1.9318318548229914,1.5729221460973057,-0.6111958305390065,-1.130060077759277,3.2754198327445554,0.7392699847446647,-2.2624284727953827,-1.903890577927819,-1.6013962928340504,-0.1284232986122078,1.0378333095514203,0.8302634033718561,-3.445938677137251,-2.0724345365096117,-2.75812889117924,2267.9183692373485
-2.2209007457887657,4.090170023118388,-0.3576530951849848,2.5968139546202123,-0.9243639866850812,-1.5274402324086536,3.2516317808507518,-0.9881950154724108,1.8105258640876878,-5.081957186206742,2.4442338371798398,-1.7509513372250614,0.22297688715754765,0.2615103621533805,0.217911184176096,-0.9910079313340424,1.8898424730042738,0.4594723734969795,-1.5174430169073871,0.5440768879237522,3.8375158536902205,1.6041524361644375,1.8095975768617176,0.9643031626078642,3.3848055837491535,1.0230285037045421,2.8299023065857503,3.813181734607522,-2.505933468751376,-0.10822799054531171,2271.2870168451664
-1.5280763835434015,4.163290653417751,2.384901880827086,4.867664675301849,2.563488023816751,0.4741202356033387,3.1573639619173273,0.8136228771791254,-3.303382887924745,-2.009944930216816,-2.500149866969732,-2.1014599414583155,4.060647728247129,-3.668725059542874,-3.1570156716558313,0.19989710066411615,-1.0514876685413697,3.2123848550862286,0.6239630016706448,-1.2597923730254479,-2.9689784143513465,-0.22890228085841713,-2.39875374074628,-0.7979819683431879,1.5074646958275073,1.6614864386884252,-0.7159041689546948,1.930760648408568,2.7801198715312276,2.2884415798575404,2277.0442471882566
-0.12582473170639785,1.6761178767383424,-1.8843069912359693,2.4763188661185342,-5.045742708849017,-1.503376368526241,-0.9160695317947884,-0.29927594481615105,2.904982006385323,-0.031085968336004088,2.123389926511465,-0.872316863713934,2.7538533637146037,-1.4173954923737204,-3.1812035613833993,2.140427653933285,1.845914590708816,2.8090453469580807,-2.353726854118169,0.08505848199525845,1.6330841915502987,1.0827603470690081,2.1758485008999795,2.5940983839892096,-2.6164811002120962,0.6861407809544244,4.158506355962021,-3.0491153237693394,0.46467211406534303,0.9792852792463869,2277.9826664612538
-2.9241833988185246,1.7647092719615016,3.9719886046301287,-0.34999967584220426,-4.033761406863764,4.471373397184122,-3.8371127293716825,3.9680081028145473,2.4376980142320788,0.06166237288280607,4.0725370771078255,2.7472425034059045,-0.1343951041735556,1.2971188810650607,-2.310414378388194,0.9470837160967197,1.6481105494017183,-3.3445891251260194,-2.649479871590656,0.22545643914310132,-0.6261261751474436,-0.9157639615756589,4.2576689901315365,1.8540700614667178,-1.2178597647777274,1.3115830113423101,1.6045240413665787,-2.79032082667841,-1.3749636189013672,-0.5975495670059908,2280.5829389824
-5.115120433789577,2.2267465636058796,3.0890661657941934,-0.5366808220691137,-3.764610522625284,3.5327938870397437,-3.1478421650464687,2.35644543854317,0.9194359122265194,-3.3964361178614384,1.8096148076079364,3.667226344372844,-1.8368178615376642,0.1933519584204766,-0.8800318571246177,1.176798489803502,2.2596674648791506,-2.2857498267066627,-0.21571605500434377,4.9760247844539816,0.6202340614554406,-2.391569578533923,-1.187123839793371,-1.5507243343484436,-2.152692452514028,-0.5362989753863925,0.9163508384249949,-2.4996406967178224,-3.313942168782498,-0.7927286073424016,2283.1928507782927
-0.5149213614696904,-5.025410980513954,2.7294971714430973,-4.744675875305979,-3.9479502411239733,-4.3355567004189925,-4.588891472048263,2.412234729587478,-2.944332930925052,0.5036506699979443,2.4823030345290578,0.23542384539144526,-0.8037713538582065,-1.7110578677120087,-1.619776000179229,0.022880467059947618,-4.165128730114276,1.5498784295911567,3.1737363651857504,-1.3066141500218031,0.9782333902486039,2.8746023086971473,-2.1690359743610834,0.9503461913196305,3.243678732975211,2.5678600551282225,-0.25975661946621065,-2.423770425825624,0.08248619910355959,0.48552969710368754,2289.1138443359
-5.11408787526908,2.8568184413301365,2.3426329522136045,-3.122101224017708,-5.119492746694518,1.593544892891884,-3.2497480144185396,2.67610025641006,1.0135316592726447,-3.0909255099228607,2.0088135702761014,3.145962862783189,3.018324402828682,-1.1038209162681358,-0.31160118297445116,-0.15766806113843385,-0.4714342492376703,-4.0635153306124785,-0.7893251253667709,2.688659994750018,1.3822775870521342,-3.082355101527761,2.1627430215175965,0.7237177132221377,-3.3776338602409828,1.3059412409354205,-0.9338719953961853,-2.8175863154137044,-1.7389104669162716,-0.8226230071495839,2290.800855992042
-5.107062576398185,0.3194440383185331,4.618048727388232,0.8164004848576993,-1.3748794107859459,2.674427871564632,-0.5225163848852308,-1.0994118901320264,-1.0883353025634184,-4.933958199955496,1.0053184061139557,3.0244892761601516,0.12503505314848984,0.34294463230814587,-3.149676777869186,2.269676336592757,-0.6458637914056561,-1.849009390650136,-0.7534316851125824,3.096303003010779,1.9808556171902796,-1.2177353506476936,-0.2669996833452696,-0.158483407228315,-4.334265536816318,-1.1678193713077645,0.2669438810098991,-1.6291071160037922,-3.8745930261875916,-2.015589147034584,2291.949912429885
-1.7701863292572062,3.048115652725842,0.35904439506727015,0.12026126188757225,-3.508885296443295,1.5007012567280236,1.25379093669905,2.5660539727409235,2.9336707452730932,2.5318307423771436,4.017357235970846,-2.535418955831296,-1.3949703385112509,2.0810513407242746,-2.373777296489142,1.1794155906978054,0.7365235404519653,2.2398243838786507,-3.8311155362565823,3.1193330250540505,-0.2166969208733181,0.9294146933802423,1.775617372099149,-1.140814499911719,3.7887363449839584,-2.954259204335157,0.740174014891938,-0.4168946093874448,-2.5565500663151406,-1.3382365463343482,2295.3021953978914
-4.725218518105594,1.207629833051392,3.606964421365044,-1.2165514242230506,-4.138205960521477,4.103221994774149,-4.449835020572927,0.730869639871482,0.34194158920650863,-1.3903113205007414,1.9749520323052856,3.029797977897922,0.8213538130272363,-1.8964892188625728,-1.6193027525091617,1.6999771955242953,2.8477484150944092,-2.115148596684154,0.9318380262735306,3.4943437093864818,-1.1736515290546534,-2.16940620527349,-0.5134238579286564,-0.20227566290818386,0.6704122122471148,1.2047740512805087,1.4990888287344701,-1.7508757286866456,-5.056761329791556,-0.9254305426492387,2299.200128729757
4.059901020226855,3.9967102829652945,-2.3420243776788974,0.13691856049379636,-1.0844227750068547,4.189138672657709,-2.3282315229637645,0.7881652326076893,3.4009178669155196,0.11512751529077775,-1.7058729884891322,-2.059207133940545,4.190428178358911,0.8352491792402049,-3.3274811898403267,-0.4739530725419172,3.8967361427226566,-2.350577495748814,-0.9915178698020678,0.9809742210733762,-1.9510050411606608,-0.6000991529128894,-2.179135480166134,1.3113087520511186,-3.03580498590095,1.0493426681852582,0.5120856180364799,-2.7258667185851153,0.8630437433688147,-3.4447127843712417,2299.4946438565285
-3.6527247087134525,3.918918737317805,1.2061989915858335,3.067659844997527,-2.32025405321835,-1.3122192088008675,2.7069104574186857,2.377502492919951,0.634823980039799,-4.540388467392549,2.5832037795621656,-0.7437826098195865,-1.0470673035528988,2.695572615353953,-1.395310306863588,-1.5822641337711,4.1623222741453585,0.281014073961149,-1.8091088914966869,2.433275099985941,3.163184693544723,-0.536473221578991,1.5059349080704214,-0.9769052702224503,-0.015742745817113324,1.9496621308245783,-4.829580367167854,0.31038421336518596,-1.8938470777416045,0.25357249550216426,2300.194270795764
-3.8287495492951074,2.6785057644583006,3.5577432120103367,-1.1989569580739197,-2.0785854472859437,3.4332344516771593,-3.7825945959656764,-0.15683383701415493,0.09882379164862054,-1.7370314721920963,2.2255532711461745,1.5456574972940595,-1.7096786026322597,1.5064833253424248,1.068513274610259,1.81809263929803,2.552540594933458,-0.021713122677107788,1.7664953788169973,1.693932506532098,-4.714485733353558,-2.4543924353772497,-2.039436231811521,-1.3628621521160196,-0.5560732209240076,0.5069056349063755,4.518498627668686,-2.4337019693138853,0.2864690178334359,1.6699402125182154,2303.1283675387713
-1.2012777923968851,2.610306776813676,2.4079375808712404,0.540509533621599,-2.6512690254785403,-0.9503518504665892,2.8035978792861416,3.154717581220864,0.766319529186094,-1.296661357298223,0.02683309621177138,0.3417537565947281,-2.101061654808805,4.053033585313407,-2.238876844394756,-0.7546527426808374,1.2560728366012845,0.4372043175396193,-3.718657062144186,3.564591114706817,4.588570742686004,-1.1135539851499197,1.6779429549144,0.17626463589311792,1.1689262510142047,1.1633825846414216,-3.900507906343247,0.7990735444329765,-1.762528004392303,1.0899978002803037,2309.814611273149
4.605536285540664,-2.298989793726175,0.21151807955475477,-2.6857454660996902,-3.9774734414122346,3.6263699459763217,-1.8384550092362426,1.2951004305719371,1.6584724309370953,-2.734066693839846,-2.7750996763645275,0.986944827308097,-3.873653460241982,-4.689209040974539,5.041121775190039,2.8033946894767556,1.7752947601339617,0.25750590927855516,0.2943590235116686,3.1561097605295085,-1.9310002692681132,-0.6406214163446995,4.2013452615499025,0.38083445973577235,0.7271509388156797,0.7121424228274135,-0.011096340137329075,0.017348497659423145,-1.537910257339123,0.33639901791956006,2312.4394362779813
-3.0683005178884106,-3.1993115291936736,0.7741307861743474,-2.3184224545742027,-1.748291061639586,-4.527274797933144,-3.955917830066653,1.1135059309726156,0.7630472261735886,1.522676835833396,-1.9292408926195348,-0.6593496738463994,-1.4689559060927024,1.173559528208582,-0.21246072404050653,-0.29191609614538394,-0.27028192683351027,1.8648536161706417,1.4321046220166334,-3.197020775613923,3.1812390896329004,4.0198189752674285,-0.10302464540017242,2.280919152805541,0.9105385547121765,3.674788640050438,1.559167950690565,3.879784243651903,0.7501214566690382,-0.28047352979905493,2312.8454300652465
-1.0155097841306784,-3.3675503237351947,0.4597606023513645,-3.1201399118336597,0.6007716957209532,-3.3270575744626747,-3.7822677380265963,1.4893003234332995,1.250992782952101,1.1848176153120744,-2.3378141865376003,1.7851882264287369,4.8458570104849406,-2.0821786352983778,-0.7686446053317473,-0.9424692274029374,1.7047172951427334,-2.754868548312208,1.0591698223369568,-1.406478349370173,0.7441997660833279,1.6687012278321087,-0.4634322306065315,1.611968114044585,1.44019163910579,-4.484991882189959,0.8477829897242046,-3.1274790010676616,0.9473718779479348,-3.0094321674708095,2317.8521680923745
-2.491233950205044,2.263163940165069,-4.515834149827889,-2.9123398885311964,-3.3984257756147045,4.4633588847786925,-4.516415808652058,1.0573091476380803,3.5276853545437254,1.0781614927768226,1.1226222509927513,2.411755855019586,-1.9659291183384289,1.0809525400314557,-1.0970334586925536,-0.651357982726151,3.3080491019426597,0.2602034024329536,1.064546742622714,3.8297447470561714,3.0922952373146004,-1.2473730880614835,0.9747072816757796,-3.6656395397853454,1.0349031737313916,1.6212717882880385,0.4682672151862831,-1.927099289172523,-2.5150377470699983,-1.9090704393078568,2318.584802963665
-1.5682563220182084,2.0309707924541684,4.03784624886792,-0.9133953633333269,-2.245974121048153,4.189065082260949,-4.70288259465027,3.0497968769054156,-2.1877270401169158,-1.57960046304719,3.8553101820776465,1.699469451737707,-3.144429738980125,1.7303338935407209,-2.325381042315855,2.160760398139395,2.0334968691127693,-1.3897533603288317,1.4613837062401287,2.3255081676617335,1.1420759662060833,0.0747965439288184,-0.9691401900031154,-2.004218390816788,2.05037380220712,0.2851252465931635,-0.34998641789146323,-3.7747721529283105,-1.4809653188505036,-3.3487143763901317,2323.9829948047377
-0.5337001711589506,1.8617348315502538,1.587411102511349,-0.8327010296741243,-2.380910689710358,3.3784136203027475,0.21952150984507424,0.4400618730962441,4.829284344107121,-2.5131080316422088,1.920742447368636,3.5673990521403893,-3.7328201436121065,-2.8996279612953115,0.7587352552675232,1.5045341714445961,1.06541874833133,-3.9900242735125113,1.8102109588522985,-0.28528617051138405,2.8784823873805596,-1.3111541914191456,-1.8123465518254995,-2.4046382125629635,2.3497753562536303,0.050746852922103236,-1.2472128098510542,0.5655392496163802,-0.5457962438881834,-3.673975726063239,2324.8500771989193
-3.556154287864107,1.0607869954398943,3.1613008986284337,-1.8176522207115169,-3.4994469946371654,5.086777724560275,-4.177577130888533,0.8939850640556193,-0.807345335922987,-0.24777314166302233,-0.6077525449260421,0.04499528691963184,-1.5878237277252993,-0.2587205474942169,-1.7649770614096223,3.874507691477387,3.5859762642991955,-2.5597780872558413,1.13279081930633,2.8929140573231606,2.0912530135995393,-2.558255139483731,2.77799569625261,-1.1694092458479202,-0.21500742879893142,-1.5893456001886548,1.3322444255797898,-0.34474995517357354,-0.24659325560452228,-4.078303254832073,2327.6044293072723
0.5552255680831149,-5.114364614670913,2.1773973099417394,-0.9007998937111592,-0.01826629815976233,3.991525885351982,-2.4544302425415934,2.4590842664404002,-4.7922424761848115,-1.098470751230138,1.6844253593549947,-1.2930097565094871,-2.6902331695050172,1.218270448811756,1.7378594933119755,0.1921985204002474,0.1589736527130483,1.015732263306911,1.6639088261396884,3.0798369299915573,1.205189290271424,3.150917480272329,-5.112526464860779,-0.5815569172791939,1.937221876713863,2.710536556450201,-1.6956100088673285,-1.8183031836921675,-1.4621932581492503,0.6082322494161956,2334.689932371813
-5.105282478517128,1.2067198099169607,4.271460694703032,-2.1662296534566257,-3.758948201404447,5.083993416790471,-1.389561873898072,2.8161973158141302,2.4096431082818195,-0.6261082928943172,2.7572929390034155,1.3595755954583841,0.4022858550713937,0.36660461667390315,-1.0293445795117107,3.705501389116713,0.4238201641481204,-3.817423064080641,1.571409549376055,1.4436476786697112,-0.9395837237943143,-2.942922911036251,1.1658995577505995,-0.1391008589246977,-1.129717787533067,-1.9107137671249903,2.287612376002126,-3.7558586433426924,-3.0067520149564553,-0.6835127930303043,2340.800004207136
-3.6804461357002567,1.6080347658785814,3.2363170925598648,-1.5468433918548647,-3.8660041264220197,3.275427085543043,-2.0909193866338738,1.6300433885209866,0.43659174144831236,-1.4641169321943732,1.702504901451263,2.138803609824312,-0.7345188998308411,0.08523643680137338,-1.6559741293213,-0.22956586729829642,2.7858231302583447,-1.241762850725327,-0.7039756397720968,3.480799475668501,1.475076988274802,-4.894380717400943,2.8731236082137244,-0.7809356687054417,-0.24477298473662024,0.7827439277802499,0.4223005277407219,-0.5363296660460307,-3.1566240636481773,-3.7782463548989154,2345.8317226846366
-2.188477486573868,4.5179474131047,0.38246702055388143,-0.09891687789129988,-1.4956027169181312,2.107058275926455,1.7678389386708493,1.9590824322221456,3.4946825476661374,-3.2146051305510666,1.272881712135196,0.30038841297900176,-2.427594558573049,1.0559911650749745,0.42216573960752446,-2.3824078196712444,2.3494839626700683,-2.2320415000681986,-2.999311811720615,4.864720964344995,1.7125905293121817,2.456369769836487,2.660467668151344,0.6242387576613819,0.5092181636804044,1.2484974414014511,0.47942727933546014,4.287081410694565,-0.22141032200803767,1.0473998622058498,2350.757432886419
-3.9029314760354765,4.3251268841914925,0.690812927822239,-3.1003021030790445,-4.547852366367024,1.525520085180758,-0.20208999576950892,1.4860249722881291,3.6286944865326607,-4.145048667394018,-3.423288905023843,1.1397145611069994,-0.9613697809597898,-2.239763923234368,-1.8270087165984612,3.2032310806892967,4.137262866416864,0.8478469797268369,2.557680577281175,1.80388768019542,-0.7260069629468685,-2.550431822473589,-1.2319177949244577,-1.1170087190378375,-2.5254807147692118,-1.6740527507589211,-0.5452088825819396,-3.3556448620152377,-0.9948232734801583,-1.7902813698344175,2351.9665369807603
-2.9290252292476655,0.6251639874970022,3.077278947259008,-1.8479489700893788,-4.3970059946262285,3.6632373136575316,-1.3117345701669108,-1.191642050185563,0.7075623493128875,1.6834488387229691,4.88484353853644,3.4985970123930628,1.8234602815547283,2.0276780093468942,1.2421519767898919,2.5433926234639825,0.5311808652786723,0.3024036135428658,-0.5570566006949779,1.8925933116356912,1.2986749481137694,-3.1645927885180942,2.1333279019489924,1.5612006193031513,-1.3304752604881394,-2.52640493923807,2.2817529798616807,-4.190100581119892,-1.311644955361355,-1.2738070113700748,2365.485863515727
4.808428269183855,-4.569653859668745,1.2448022310602962,-2.8040286730987285,-0.6854747165793107,2.1395378871330704,-3.7986626825449554,2.824811683755826,-0.9756220121065031,-1.6593495751617782,-2.3738897500061853,-1.8645959099905658,-0.35124756959820047,0.5214762483072803,0.758094389046866,-0.2445221725665171,2.9207049486613283,-0.8808939131147457,1.3793095374727153,0.8555501092451369,2.3042367769079535,0.633224104656742,2.6935793168334348,3.5605618799619836,3.8388598383329473,1.708713801282252,0.40234928040049445,4.679170097624323,-1.062481192197736,0.846050261420653,2367.6377205316326
3.4177733551910245,-3.839639650029405,2.6612839605837273,-5.088453615685624,-1.6075134466223853,3.905768470165083,-3.6515141556431883,3.442877870118278,-1.6152232200753174,-0.4034842950987598,-1.774371744416854,-0.7178599126460984,-1.8133563105535453,0.2440800455762525,0.26533766030036354,-1.0344316577778192,-1.2853415582794818,-1.4351370820854612,2.186005555120736,0.6011358465556169,-0.2240910507587931,0.07105998146129358,3.2049885283348214,3.1916243236188424,3.5039563042003126,3.055482873950612,0.9071112499095468,4.143849086521526,-1.705010159382066,0.09624529645455282,2368.634363919525
-3.7624212214483395,1.506848885480905,4.537852302435145,-1.9220326926100395,-2.593095601436384,4.037891418906737,-2.8052140873368403,3.6340299861943124,1.3923832440326553,-1.8474548861478135,4.254698926446541,0.9127235925993318,0.95126720671377,-2.500364412252032,-2.2625810786450034,-0.49688938769753654,3.3901551449911778,-1.7925622123754508,-0.8415380927989793,3.35401536348917,-0.2609188315496662,-1.821510682061127,0.6778115346233785,-0.6146189463957863,-1.4958054113829053,0.4198809636680485,1.7347031991844093,-2.191186901876082,-4.840974762985223,0.22505471347021955,2371.227292043084
-3.7199705098209392,0.6624937213011981,1.5766933112880583,-3.555355269095182,-3.6541187294336464,3.596826900537007,-2.9784637642822416,2.7610787024433248,1.1760365847732492,-0.3722499270218562,1.320390407453445,4.258159292052598,-0.5325090948024809,-2.0464364430069604,-2.133516213109234,3.656892147974562,0.7598931528833303,-0.598462634490742,-0.035662883896271286,-0.06058520681025614,2.2846436812543223,-2.1514100653179065,0.4114642162567316,-1.6007031866457697,-3.7833127425081625,-0.9356834280239419,0.7961373811030482,-3.439191578118699,-3.322208917554847,-1.7876803608977023,2373.400319524026
4.545584594436922,1.516370807468535,-0.5767479399524671,-4.374725099029188,0.7275206186838226,4.1248554445896985,1.9711474422533561,-4.146237568731169,-3.3464279433996174,-4.64052562357349,0.0239134140460735,3.1979154540757952,-1.0938815404643722,2.7675785570498235,-3.614518535032559,1.594490453668941,0.5287523130274233,-0.6370772343581141,1.5073474232573991,5.105825654231952,-0.17441755368941803,-0.242464736824968,1.3684419887999808,1.9728802738728637,-2.0866537856134464,-1.402997681765854,-1.8294119840390008,1.449186537100049,-2.467216075513609,0.36024841155774584,2375.222284134265
-4.195550719207574,-3.3592692259061874,2.5448492560672342,-3.972652836143298,-2.193562329823854,-3.5583571892576242,0.6929837461807342,-1.7450088035999773,0.7658761768268377,1.2331375320347229,-5.0965650590998735,-0.8081761396993014,2.3187334461530975,3.0482545459376116,-0.11371891696568437,2.019175785987016,2.7739521897167663,1.6181644326991327,-0.24204119406178148,1.0565163654180434,0.561250524628039,3.913958791349239,4.033046337280057,0.4594339067505441,-1.2101762404420604,-2.955495120898636,-0.9500232126307891,-2.917483438983272,-0.9983382294737502,1.5111685453178985,2377.955439920402
-4.542161979801902,-2.1127392947884163,-2.5724480577875553,0.22414474416956942,-1.0204498754887954,-0.40500542431182357,-1.1901248361874492,-1.0717561282456627,0.6345441093289887,-2.6987377071470857,-1.9484990072955528,-0.3759901168174766,3.3380745966624734,-1.7680562782727653,-3.4821403010952485,-0.2112961319967075,2.6560462322009215,3.308080556846773,-3.3216467590486984,1.4786185737541921,-1.3923159618796723,0.05588195785692662,2.240475118096583,1.3723052150304325,-3.2312434197552733,-1.934425236278215,4.753384598212673,-0.022039078008234125,1.3923710304452497,0.7317678044809608,2378.405452038283
-2.106520167910174,2.6026802537596643,-4.755709877344471,2.851579336979089,-2.145070402068067,-2.079983198132386,-4.177993509658557,-1.8451108599748303,0.004218772129409576,-0.7364232191874374,4.598027019870548,1.401035280121154,0.9522604338665355,-0.49741603406267076,-0.07126096044862695,0.9381917403746747,3.75914265330217,2.1345581456469978,-1.1997669607762385,0.628230407067651,0.9989739059209692,-3.9145564312265586,-0.05354613577148526,0.9051784941882097,-0.6382187089738713,1.3202917165452024,4.439669028255762,-1.006774764476495,1.7431771208323705,-3.3330767623734046,2380.475127391472
-0.689451451014085,2.0779464529911627,-1.0563387457050974,4.901906605899728,-1.5795204556490758,0.8202434627545454,-2.617299194659629,0.4449341384713018,-1.034474803656595,-2.246502061903503,2.2877472542611894,3.340627523640795,-1.7044555745359746,-4.197555410459262,-0.9080288932338543,3.3412542644234784,-4.167653349793302,2.6245925070945106,2.923355805528454,1.9083572036334444,1.5790493842657884,1.9511006794429517,-0.9308331912751386,-0.08526893477842146,0.29771193206193614,3.218719318249406,-1.1930976676250498,1.0462525462348946,1.0906880568608415,-3.1458302836416,2384.3850015701255
-1.1372453101408555,3.0690563229605585,-0.5819596386912974,3.4465481142089427,-3.021035853269868,-1.3631924933119814,3.5537088379511386,3.026284262664231,4.11604401483527,-0.905714680779385,-0.8945671699834723,-1.162639193206977,-1.7338152782337364,2.7387638363043285,0.03225473305736637,0.05746719252096161,3.313905410580928,-0.5382103447645479,-0.5571627748449851,-3.7439685214239806,-2.0186753878370944,-0.8401780306601512,1.952309035330859,0.8329032962837407,0.057737264185281356,-2.6523121142082617,-4.070616378667261,1.838620203833071,-3.5709313356819368,-0.2901822834625898,2397.8995516859673
-2.236447662888076,1.9472797649918152,-4.023811813575913,-4.595037854058409,-0.4586016515658215,2.4165093405576887,0.5949802924319092,-4.0355016647216955,-2.4951459878010205,-4.098952393701126,-0.6169340369380729,-0.6066198861733153,-0.9225706242347865,-2.822233865438145,-1.3906947449957197,-0.06700503454203971,-0.507701822149167,2.420512533542446,2.0814642319140018,-2.2839836226245835,1.2318939298565406,-1.3292419749503483,0.1544451377947187,4.9241890160508,-4.6073612718597285,-1.8807132334194423,-1.2163749108399464,-1.4469091861529455,-0.9558414436167278,0.36302351717163306,2400.1687580056177
-0.30251148330265343,-0.21798335842009386,2.3719840352216828,5.03264022507194,3.8445978883625074,-0.508577189970616,1.5586722332180196,3.1692902107329783,-1.645062250893063,-2.2752726127525125,-2.310045773311464,-3.604089208702037,-3.325149846877161,0.5764890982285993,-1.6634747328730368,-3.3441865047836155,-0.1300638416434604,1.7906300794971408,-1.4298752373766321,-0.22508860921560148,-1.9259908857233325,3.8748527049616883,-1.982732512494384,-0.35828357250219445,2.5936758769869215,-1.0400155366016484,-1.900424852225861,2.3090365026903648,3.316099100157447,1.7431092567782052,2403.454810488004
-0.7995527328872691,-2.338246273457173,3.705351471554917,-2.909163884279629,-1.228325689161065,-2.321004569537064,-3.1862019671747177,-0.4889573849236554,2.1878543466633875,0.3293555825400596,0.5571648539510237,0.46441749911631847,0.8079599819434624,-1.0453213771651086,0.5186338419341752,-1.9546303776440153,-0.9820830777937947,-2.2594622106619595,2.3810709056452253,-4.099180441277823,3.861136053659556,2.375133630632519,0.2625446151862602,1.3505462997790065,2.6507511804840185,0.6087495486248555,-1.5249097147819364,-2.631843593018577,4.30480565482095,-1.3640930797515234,2408.451926803767
-0.38975164307516996,3.3516237163320595,-0.0370034375056294,2.0872395162925086,-2.1411582760320504,-0.2218047419017741,1.0965126673705272,1.2616223957570587,1.967314804049047,0.06704838884724962,3.0425223021626726,-2.983981318702742,-0.9494975372247509,0.06841874138774845,0.8831034787641017,-0.0069249928955276985,-4.902341234490402,-0.461049556097793,-3.445359816540236,1.5330864259033943,-0.6878570994281024,-0.33986397524715706,2.2582873580417804,0.6650085683277582,-0.28994803882045433,-2.410180636905113,3.8444239638423365,1.5935237671258036,-2.34605227470383,-3.8823632965360844,2411.858359049111
-3.324700590591269,-3.0610724962408606,4.965199584379773,-2.923763453928455,-0.11028068130524282,1.1470669906168651,-0.8387898175985575,-2.9708432171491976,1.1905942125559883,2.5784049153785507,0.22412900030533361,-2.9297525779076623,-1.336499424230462,2.6925343701913502,-1.1109305457900798,0.08941358840492775,2.598466134385244,1.1711795586422162,2.3703198163368997,-0.6072258023758681,4.65991951160086,-0.2804155815020621,-2.9171749208878737,-0.27003135398048694,2.5337706701862737,0.41030747871956863,1.0146695889531196,-1.8024656646876311,0.5282295034528088,4.7100835492947235,2413.686389388172
-3.0391936138219595,1.3687818284617361,0.8398236145324626,1.9917201310971133,-3.4391849120829394,4.105152134138407,-3.194471130920438,0.6298871649667722,1.0057052167082738,-2.0644622156493684,1.0930334417670529,0.8107713162953618,-5.109071482776871,0.39113636243376804,0.9139405142421493,-1.925516931659557,0.10744116543159343,3.795276054424481,4.992140404993586,0.708490949485992,-0.37521007151338887,2.640543733610621,1.9234627117538912,-2.393115704407484,1.3392522291424873,4.023904311524393,-1.4051459980461056,0.48707784069152815,0.1634576931697082,0.6852707804049895,2414.4596366755477
-1.92807467453589,-3.6433881683425935,4.63857274011064,-4.358630386922846,1.3910648283683937,-3.0146668719655474,-4.380281622572768,-0.3148514581026983,-0.6740506609854622,-0.5593809488079677,-0.7558449095361685,-0.1575975227887632,0.5440317816464688,0.10327012321689655,-2.8240859025637066,-0.8857165859364913,-2.3233625708969616,-0.5271382103867337,4.2729357590881145,-1.874584865356625,1.6711614460458293,2.5837114717146883,0.9630694593636736,-0.3585444043225179,4.113937687506923,3.8027584265490644,-3.307791445260098,-1.349163481132182,0.4469716489108265,0.17070004075903078,2416.1244603789437
-3.547192554697736,4.743676955938741,-0.41817636850760964,1.5149723479644674,-3.019685555329348,0.25415745440347026,0.6069904267297265,4.558879792389552,1.9845364065903985,1.7900695567086913,2.7384181953028746,-0.027143926061758028,-0.1094282999761127,2.8691651930973583,-4.61456199776464,-0.35561898112599977,0.15168930966717298,-1.239081216063173,1.4561844010947804,1.6959999805183075,-1.229739086081613,-0.6596692691844147,2.517808488269524,-3.233046118600999,0.2538570844119803,1.6636630410292095,-1.4998578892547125,-1.4925983773413802,-3.646741029898485,-3.682419152080256,2421.9497350991383
-2.111926363157737,2.797674224422272,3.8322979047083594,-2.0649170570702453,-4.119817247013842,3.526330472452287,0.07464642061403848,-2.047856209555757,3.0402416734583104,-0.8311948381690291,-0.19943736918181876,2.911187555845931,0.6998229211958462,0.2814767033102378,1.138556529644251,1.0426469575157717,-2.0394542713860426,0.9332867735748013,1.643729108034932,3.401878401551988,-1.259843008338407,-0.8775550124421172,-0.25292839765559494,-5.054810236495507,-0.46664782956945305,0.17504223428269133,1.9203956231472863,-2.9851302762190715,-4.285717075321072,-0.1614819810395589,2433.749547763222
-3.2291881573330388,0.9840965257034715,-0.17998142028412567,-4.942035054542705,-0.7725037292475223,2.988230360189729,-2.62982331468536,4.650411476456699,2.581806302405994,-3.4304537675857705,2.6700178513037445,0.7764404284764296,-3.7054616220372103,0.058343557579297656,2.917574423590527,-0.051410234537311805,4.042093894850404,-0.11976894409724981,2.359418504283621,1.9688195913909987,0.1961366722829433,-0.4393313837862447,-2.2358018155212336,-1.4783817579404792,1.7336345139902245,-0.2896880758456225,-1.8937971497672104,-1.9322686697499638,-3.009844622460298,-3.1681408563509486,2434.049542161036
-4.543540620028383,0.29741683169352773,4.082731724430524,-1.0638698009487073,-4.838437281852947,4.674321446289621,-3.2857667230313874,2.212793721565903,-0.446200574903436,-0.9203063849444572,0.38208555381727305,1.4717533651929917,-2.3629890043460153,-0.6690700647069443,-0.5370608512710952,0.5858590172904796,1.1354461584616322,-0.05923751091446716,0.415311170549579,3.8328949281117284,-2.66505798625968,-3.2126691984477223,0.9192437054518932,-0.7278447193735912,-2.5535140038707302,1.4812309340726022,3.5668865972394928,-2.080873740935247,-1.8282399015214714,-3.4959088766267037,2440.612505941544
-0.21844612215926365,-3.716314858760321,1.6572169726453394,-4.528710694695551,-0.1494099401333361,-2.9343287106942237,-4.317335660843744,0.10907695930174921,0.31282375175369526,-0.15741951785981612,1.2273536012092898,-4.056844768005743,1.8430377112623781,-2.347609194680654,-0.43063188582710143,-4.138950620395057,0.8755878779060706,-0.41592471252720004,0.5547360773213005,0.41747097611839146,-0.8720879320255952,0.9172901466918855,0.756035708212096,0.03164604211763782,4.8140591795880905,0.4202351302175783,-0.9522178426315443,-1.9690862815918058,-4.953171361759501,-0.9268363615994384,2441.08023349076
-3.9561606712240245,3.298239741616599,4.5269127467761,-1.5389437511765256,-4.958128728726057,3.269778177068809,-2.5184237954623203,2.6187608297709373,1.757186523058956,-2.09803486377327,1.3124271029392134,3.2038732774143717,-1.142446498257848,0.6328950621702228,-1.5643021750726518,3.4969134120358034,1.7277500890282835,-1.7464235178905605,0.31994119468313453,4.736247883176418,0.8434857840620873,-0.8101796810610264,-1.3495031526990542,-2.037810979443109,-1.9144649789597714,0.2680850308647795,3.356422369713746,-1.1489722588317481,-3.804381676415405,-0.03230845955527051,2445.1062661593123
-2.8498766585718114,-3.3316238029358036,1.800105143585522,-4.1276621646436435,-1.0289632668639044,-1.059297250361809,-3.4743887446969155,0.5588984169608435,-1.2434187503664638,-3.054242198296809,0.16783528804112535,1.26238994567435,-0.9579792588734666,1.6721594716902985,1.1728174841614538,-1.7976366548843958,-0.8353010539156318,0.009191966532948515,1.6223215515522675,1.2096239767982406,0.857791346076487,1.0591550869173179,4.08707102476339,4.962014354074574,3.4133729701391355,3.2929821035054836,-0.13846631225763906,2.505078698516123,1.8321599616510633,1.0786208723653279,2445.335551687386
-1.1406439307147516,-3.1401978249582108,3.017923109184734,-4.1676427006173515,-2.0763625031040167,2.3593974464016347,-4.419648013046918,0.27481221550645163,-3.3328681209145223,-2.29878337260998,0.45883426832129504,-2.2792529542655435,-2.6426025161810305,2.6323768377569046,0.11937567836811779,0.030062767108355648,2.1868759747010915,2.036371941755137,0.6584454492775568,-1.1744563138556288,1.3006239095176033,1.565467288738363,0.7661667798538119,2.3915513918546574,2.173312717515475,1.0164191573233756,-2.676223454314225,4.889265092305175,-2.9895051543542572,-1.0695999757560188,2448.747585531866
-1.429738707786242,-0.8486601473696551,1.6067012079011225,4.490512281325096,-1.0371913005071396,-1.5902617243290604,-1.8649525753142635,-2.243066591660627,3.1756557670394923,-2.5748264329751143,-1.9504643463926405,-0.5063321039503279,-0.5175319283556885,1.654967502579143,2.0910958720449457,-0.4452221328504471,3.438211510269805,-4.351110387546776,4.722127122233051,2.797838725364825,0.9293165220398221,-4.685120365224512,0.17679360251132903,0.098734818461107,-0.7824686290269289,1.636423290995827,1.0705319081270264,-0.2684254408227369,1.8496184258116266,2.0039446123836906,2451.1545380735793
0.0034212259430324576,-4.473308391024075,3.463263031686422,-4.006034876064796,-3.6627915915245683,-4.760910979594748,-5.0199048707654566,5.112424110081842,-0.21649235778045195,0.90001544524295,-1.0663262262138065,2.1299913620111246,4.288301315760083,0.832697372973314,-0.5605652062283883,0.8705697730219157,-2.8565846570517976,-0.8620964956998458,2.033692673837631,1.0429686426499172,1.2160586277256236,3.261422966462616,-0.7698152366272105,0.27922534801962506,1.210185741493024,4.754289872966129,1.215492960006451,0.12016263245300363,-1.3949409815150506,-2.083279776883661,2454.078445365869
-2.7248171928240263,1.4124913982411456,0.07754359981076697,-4.765540002282869,0.6058961282351092,3.0045717484878454,0.38051276909252985,-1.4306703036614459,-3.302456416970823,-3.8641361668644754,-2.7844506244892084,-1.059505118517432,-2.129552446931883,-0.6011816455027608,4.341137267400788,-1.9996778567469518,-3.106306584577193,-5.107177630253147,1.2819473673862145,-0.4879533546643906,0.608980627866609,-0.7124759874204704,1.1282183607089,2.0397675625243767,-3.2098971633452194,-3.3080234139890567,-0.3923401043881354,0.13924447547738078,-2.0259369733951473,-1.1816653930901788,2457.895578153781
-4.879438532225042,2.088910099599484,-1.0136353003192096,-1.6850338755644314,0.11011079210741677,2.5100583421583034,-1.8113846116106302,-2.4218994669321323,3.2042207888685232,-2.90043743567918,-0.8524853097069985,4.572135533925728,0.3084146965327255,-4.90464560712131,-0.7627425605803525,3.5631864386831893,4.270331478988135,4.554561019199875,-0.3901953544830846,-0.8758479275281101,-0.12786347198105194,2.645729949864263,0.1887550409661914,0.5052713845656895,0.9904145620481577,-0.5030156116945637,-0.2984459321525842,-2.314708374709991,-1.4779658787379328,-2.6661196608654545,2463.0310528351447
-4.551064927907129,3.0509016806516263,4.290524481664985,-2.487451390260076,-4.497664387386571,4.925904067302324,-1.7461123630613047,1.8103870536670772,1.441090598365321,-3.2611873808729914,-1.02727564492257,0.2547518015594666,0.40383999882123434,1.6315650371602328,-2.1418390834301064,2.4284436623083665,-0.7433857269306771,-2.2784775565950173,2.165643203342182,0.7558908200479394,1.1539918455347065,-1.1614111494718073,0.9456363593440358,-4.479589585466323,-2.0023780469190777,1.6625795021556038,2.217600603534675,-1.6789439266448702,-3.5901120831028317,-2.5350429745474905,2467.1600799793746
-3.8659758932915613,1.5953219919438713,3.814224299274962,-0.5473022244190568,-1.8059827635122643,4.943247063026844,-0.3257937407025251,1.5297618210505446,1.918477831982848,-1.26393707045132,-0.82932677913266,5.11302832059793,2.920345266704589,0.5213073664549075,-1.2250893649266836,4.214816904368657,-0.5208827855581546,-0.9844182717668787,0.7140738397281041,1.1714983090778825,2.2813118313318657,-0.17499741759008547,3.249863004128427,0.26466582275436434,-4.7586697916682175,-1.2687285518098654,-0.6074263903490957,-0.5990011291702868,-3.450240358072615,1.1804126951791916,2467.831091513854
-1.0905216613080055,-0.8768106526776036,-3.491553298808816,1.824055290665206,-1.8304937801807837,0.14267123980504892,-2.9809085998611438,-1.390736039381004,2.237611273151647,-0.5571361903208394,3.1673433248185265,-1.2696880169203673,2.0845464225788204,-0.8499730446817564,-4.490968886059928,2.7322516011405202,1.0042209755439253,4.30657057354645,-4.320192186936188,0.27616746322357466,0.4522180008428407,-3.5613063055788388,1.3694541803222864,2.1482072722744228,-1.923335511016646,0.25335637718133563,3.0872226304200083,-0.5722328676470971,2.311143136960893,0.004630104529204371,2473.487205523898
-0.10999763843872934,-3.8196199116684237,3.8339603604760426,-4.257712804972916,-4.401304861004287,-2.547728903860252,-4.6141296337438,-2.205467929953321,-2.1004463039951418,-0.24662133356235483,-0.15063990775439573,-1.1173376319162394,0.013138506261657912,0.32889835347574786,-2.421143341924548,-1.4157890787210217,-4.017879778247649,-2.0594319946455024,3.0339850387990004,-1.573789874455915,1.844716563140236,1.8334860556186006,0.4715406716119064,3.363604638252066,1.7950312545673972,4.706552420170333,-1.983951382099757,-1.0973923848213885,1.0303133672986189,0.3052523541787139,2473.9585857546863
-0.21900395403392153,2.7913637588015723,-0.4517466622714116,-0.49531730469818136,-3.0041460698559064,3.81286411390968,-3.8133218991838396,2.9855348414042955,-2.4979467887338482,-0.47193948462526236,1.4661576286408267,4.316524100948722,-3.834298503891209,-4.904040966344029,1.494008927782917,1.5431840922132691,0.7684307109813,1.2486860804672508,1.6380543822417768,0.9255767176312216,-1.8934033013979483,0.10460924719589665,1.7140258052173678,3.0890548306282954,1.624558703772443,4.339584469121255,0.9614451368565227,2.03645573771551,-0.7302400381959112,-1.4136522661180828,2478.132598203205
-1.0361615295580986,-3.199425708244053,-0.49494519979230567,0.7148909227369082,-2.0484041049360933,-0.67635475902566,-2.237995825622104,3.9953735805858472,3.052202647168105,-4.202247961186569,-0.09918333050898309,-0.08112222245747686,3.9013131847139193,0.5132255967276768,-0.44047084432308314,-1.6959856194544107,1.2940052902572496,-3.0748400052950142,-1.0080688803605469,1.1187174724987874,-1.4307608287668003,-0.5008271454374879,-0.3377829078960336,-0.25646022401856,2.0527534752438696,3.3914330144005786,-2.52270039009605,-4.0446512395141605,0.04040247369346989,3.7784127765411077,2480.2318487070243
-3.923543259097766,0.9710351911562212,1.0711100625391476,-4.59580230423888,-1.0913378530422901,2.2948306205176774,0.29850394123735946,-2.583877764251078,-0.4625110248308431,-5.108123921532809,0.9944845052048434,1.9485414764809312,-3.027158644434384,-0.5308174369013171,-1.7393615752437874,-0.590846816524112,-0.036594302277831336,2.7521716616565857,2.2685797526405116,-2.5712730321556765,0.6795254630544723,-3.050548019386642,-0.6500380818420783,2.3292582918260365,-1.5131225533058745,-4.246493866665304,0.369875541306398,-0.40515327244246657,0.7901471021098665,4.159642199913286,2482.421794584322
-2.0535945797999693,0.15068344987972448,1.3754625398061142,-3.7576765275635355,-3.398135720212483,-1.6410245703689363,-0.5012370455692956,1.5289101873547553,0.5775486544107298,-5.117332257871727,4.8310844821597465,-1.4896909167198353,-1.0548704240564697,-1.8036017312126182,-0.39492593428410255,-0.09871642792798552,0.34612559615775673,-0.2910119027582711,-0.11076003853212568,2.0000189071205785,-2.007783169936941,0.2327975028778717,2.1644524037019477,1.6737142107347862,-0.7753624461776343,-2.7470713431091554,-4.291426566016835,3.713406143338968,-0.45702726019583295,-2.9854514930070897,2484.163000325715
-0.0981806867678936,-3.830223378629424,-2.0103229324073237,-3.0348341311055833,-1.9198740563393524,2.485887594497995,-0.45894521125262366,0.25707827325724103,2.7372229789559954,-1.8974708355954233,-4.100654663309283,1.1000670761797162,-2.921835439579235,4.047589232529486,1.167492740453035,2.5737278760680304,0.4311421575537371,0.000787910611899668,-3.715837709521649,0.10918836771827545,-2.7890885939802224,-1.5760092968379162,-1.4501082386615027,0.9119947334203394,0.14531326770897468,1.4587980708652306,3.0535076397931142,-3.9216382105825924,1.2229769759193063,2.8928463813514513,2490.251271773319
-4.409901441387964,1.443385487710644,1.4554432435285292,-4.428888067308308,-1.338363043924194,1.4912334382445465,1.4378846460277919,0.21715503565294392,-4.24197778616209,-4.956968853838637,2.5090050172801908,3.2623976473752014,-2.8809686608340126,-0.36752566602676384,-1.541807578042413,-0.12366138002118543,0.9543513861673754,3.155779128277257,3.0763827983630643,1.0034542554312027,1.5920372964679816,-1.9909454839380731,1.7111472922581732,2.4628880628071808,-1.6592132658185041,-5.103473662727894,-1.3129462060961892,1.3722761652639277,0.2373274718247831,-0.37777352203116155,2495.149542742373
-1.5558203542783202,3.4946802427397845,-0.5086445904376304,0.8511303938391888,-1.4113922348880652,-1.8011454119786614,2.935073260963662,0.04441193634013052,3.4038550867408777,0.37050377068177154,2.6333055555536284,-2.3862807136509976,-3.9858175816488366,0.5666331999046538,0.3342460913451454,-1.4519411122190047,3.4685179348191912,0.5772374046614586,-3.122976078566281,0.21320284349174434,4.927734974349458,0.940705403817453,3.1385620502149285,-0.7645110136256055,1.9683014727427306,-1.4165469824307602,3.449501751462536,2.7553039341832632,0.2472110546201054,-1.0082560751522363,2498.8158010788607
-3.9388169680911327,2.324951100497592,4.929871828844583,-1.809034155133625,-5.071080220934714,4.398145687209115,-4.61963868546381,0.6335730406094482,2.7951975276954113,0.543675476120949,2.2538674257662805,3.8972168678355206,-0.5209036464444925,1.594800621352048,-1.4386938433296201,-0.030680430693278166,0.0579722810875139,-1.9722570894447304,1.058120427498336,2.6881638985149765,-2.2644580979158055,-0.7745005966632457,0.7994592871471545,-1.0339960800698393,-3.902164173595369,-0.3522858395146129,-0.2705999996404045,-2.9668407962222045,-3.2875312556662317,-2.980160587150554,2500.491753020552
-1.3289524679807836,3.7795216751417153,-0.10969051863422963,1.189809639505315,-0.9461112283602658,-0.9277001105767566,3.4893213942346293,-0.2714930076180224,3.7576884430477735,0.6175572266084908,3.1271838076005722,-3.2051959919517357,-2.961020375311434,1.9987852218894162,-0.2607131181168783,-2.0400979105078707,3.6339986805763704,1.1873609310189444,-2.338866241267749,0.5414538151122128,-1.9797103173877844,2.0233819203684664,3.8703908589834723,-1.9143342372792314,0.9199942593027355,-1.970385706186105,3.585916453273425,1.562200962961847,0.4567019776145318,-2.973178058396602,2504.1682789004985
-4.534178694444179,3.525758668030935,-1.1566326725252447,2.6433896386415836,-3.6008554974453784,-2.4391307400034186,-2.816819680639107,-4.667070257768245,2.2321617011818695,-3.103627042919892,1.0528004230204786,-2.107796091804172,2.885995822986547,-0.3332719107150375,-0.17098560654669492,0.7956390284129294,-1.8262396228310078,-2.1759046362346126,3.099572693055031,-0.38082520400540865,2.3807591518771263,3.7206647194513938,2.827490239124071,4.569146585532632,2.348305803740942,0.2925551922960974,0.27794953450125426,-2.212187348759665,-0.1810784482315877,1.3822428106814524,2508.11689284093
-1.9387154991379325,4.5501850527749035,0.11094850958432656,1.9432847150480317,-1.7104667735113899,-0.3960650457186805,2.185220539353254,0.7330347934120596,3.090779368317573,0.9263062171848213,4.502264356114546,-3.6917808522794067,-2.1703035091941145,1.7310954587195075,0.16381168842975713,-0.6601273746345552,2.688420841582076,-0.49050603895256933,-3.6756437068090415,-0.06959974069746466,-4.388931690740486,0.6166611911881064,3.346642702939582,-1.156169119793679,0.16004009494589772,-1.7281664658289773,3.006426396013131,3.187822196587824,-1.3433938041057205,-1.385314656415787,2508.590249681099
-3.024466952991913,3.2135577711631393,1.6844160440034501,3.714571278507048,-1.163315860351909,0.03277479053867807,2.3223308101615965,-4.973034350574274,-0.4665099965972471,-1.1174035911708264,-0.20226864619732196,-3.550091109054777,-0.9427429370359881,0.17550845501756274,-2.5138961309989787,0.08446270999409689,1.1582686557456148,1.5465383131813262,0.2119894832851008,2.157155251535872,2.0820174398858047,0.48379455723207676,4.287220849198508,-2.677864468250248,-2.064132843519407,-3.7384607117753217,2.803073022278331,1.010447770848144,-3.169380245383933,-1.2665005628462098,2509.7667141445218
0.5895205183390724,-4.860224485897951,2.258414280086776,0.7756638892005219,0.7501030364920336,-2.771374629205787,-1.3172416034836505,-0.5822315750802767,3.70363268318005,-0.31555037055261803,-0.18455105681656364,-1.471212347950909,-2.4184087142507575,-1.459862014795609,3.783595931685303,-1.3358547640374399,4.3588357529570265,1.3671422860879945,0.15742383072144395,0.289945265745457,-0.7365536700800352,1.3871292940670057,5.09901925330955,-5.111328055088844,1.7523552759709935,-0.735518010784457,-0.09940811586901988,-0.8316110111576129,2.0997830693096726,0.542922203611459,2513.703010988203
-4.973695734747233,1.7644164083270835,5.07820007467755,-2.6010162488501516,-4.2166820846214375,3.5861628897859363,-3.757551559657556,1.0876319775007293,1.4805504948319457,-2.1796017582528178,2.1197529680583016,2.6566283669403243,-1.2409974238994101,-1.843947726214088,-1.8323231033723277,1.836532203468073,1.3736987783218075,-5.034853878894266,1.223219001067711,1.7104587610648956,0.3506401552478191,-0.49863128788577216,2.282836064854178,-0.37782189367027225,-0.7720574174737302,-0.8939844556312755,0.9933398428310705,-2.3178175830645835,-4.150526669836928,-3.255517952225137,2519.9906053411446
-4.0410333374083365,-0.5396306465744316,-0.4966795161872146,3.310685347741381,-0.8174271195611265,1.0274503322042268,0.762214182023883,-1.2511892530274822,1.7853674808926299,-1.8076733919979997,2.744160004549452,-4.2081138146304555,-0.1548405590926899,1.4766098929725868,-0.944294304570598,-0.08613571904971512,-1.609405046101417,0.3579333860220413,-2.513194011896079,-4.428834405875756,-0.9391765917771231,0.6613138572046269,2.4258977696941137,-2.1004540604172637,-2.002988716090594,1.4003677207516496,2.1632003644616526,-0.9230882463774367,-3.2527690588161766,4.4717021389318,2525.0191167222656
-3.4460221460163942,2.3611773003287992,1.2224109492355901,4.016562910854863,1.6010498915808455,4.274798163662537,-3.361503749870823,4.125724546204999,-3.0881327698067835,-1.5357260881987522,0.9262370006509765,1.2602334813515061,-0.6417913972155338,-3.130180207240132,-0.5558602247191917,0.0679722456866943,0.41328170401904984,0.6369731036214203,4.699766934542576,2.367243269216853,0.7591776239968172,5.0520110069133715,1.020392794541093,-2.6635331945581937,4.036041991426538,1.594213281380368,-0.7071254312606586,-0.8957040523017795,-0.2942261175975859,0.21603135820733443,2537.8813475399647
-4.90456147958635,1.170310332987705,3.3686760383449608,-0.37071250907410014,-3.5478963591746795,-1.261472548354151,-2.4600981466158514,2.631630081511501,-3.5671146073657316,-2.4266094493881747,1.4372481795273322,-2.6470227858530557,-0.3669198833366776,-0.7551884746686117,1.8698774784140335,1.1400753484250337,1.275351356505198,1.4400395111215047,0.3831809239995174,-3.6230548795476825,0.5326550301781288,-2.2259012597648242,-0.24757972392325112,4.278853457198998,3.9634252986527883,-2.8971608882193873,-2.349157418530231,-0.8934740865588133,-3.094280274578221,-0.747147583568311,2557.6124814678
5.0434754875768295,4.502141767801813,-1.4546702290997877,0.17235158616499294,0.965642871739119,-2.4267428421275707,4.44199829747777,-3.535465619495009,2.41738756315416,2.691991756442449,4.916530537108259,-1.588479155474905,4.101026220421515,-3.6885326648170222,-3.137948918837976,5.06731111637125,1.3108310609422968,0.08762763159866947,-0.21044887297592396,-1.918311224415303,-0.3971364704792033,-1.5708505063253253,2.8693264645288443,1.0463563820939543,0.7829551375602186,2.7578361749698197,-2.473920354034094,1.2572502377937176,0.8251569419315723,-0.16975296420562902,2559.6604712086883
-2.5001430237737625,-5.108212566933464,-1.5292567182416261,-2.696609897127086,-2.1890761558208682,-4.179693870449712,-1.2703660642485743,-1.972249425785797,2.4046768039196227,-3.789434251705952,-1.5711753055681423,1.3791335885930143,-1.4038348250074537,1.3621862325808283,-0.9433257486227684,1.6530496510473243,-0.632812629867592,-3.654881075289902,-3.097083720266483,-1.1608279010525484,-0.7445796745615841,1.4739367783171315,0.050335917508350425,3.2367719105419663,1.6272239353593667,3.625691525030901,-1.821326359992372,1.6699798194773046,-4.461713719004765,0.8052711927575837,2559.7977420841944
-1.9533599389760998,-2.4287445853253717,0.8640401352606666,-4.186146341593925,-2.3055455752444214,4.439275682266535,-2.736597969512418,-4.3778823125559905,-2.6873882080922367,1.858363118554216,-0.7486209213955206,-2.219941107416534,3.7454825990665945,2.124787026452309,-0.3283216405434275,4.900974063934477,0.2059270067080492,0.6088292226891636,-1.6317387103078953,1.3220339743248466,-1.093141684811074,0.49286540718585753,2.5819056798816225,-0.725992509022867,2.164060633403846,-3.7615297840548623,-2.029513652049894,-0.4423257358631376,-1.7485616708248073,3.3998909575358303,2561.3006019000422
-2.2800213937193723,-3.98828090565045,2.9532988420464714,-4.071139578369731,-2.8205407348148737,1.4045243850915812,-5.098445560531597,1.012525444953551,-0.8360981859196013,-1.909528102424864,-2.723105798072651,-0.9729285082819656,3.5343485996473563,-0.08246546659673437,-1.077821767125405,2.3129320653028618,3.034927264098866,1.5988394737639853,2.3485339155805374,2.4000145237894,2.741791741028,-1.2353312277764132,-1.339988396860248,-0.06967419015417306,1.628076143828111,2.108820582604191,-2.267528308269883,-4.87221514928329,-1.8607042482512588,-1.2618956641835772,2561.4538582754567
-3.6196246025915975,-0.0511748905356062,-0.7990744204001572,-2.637618871414811,-3.2207264382884078,-4.459876048425909,-0.4160676794992071,-0.0803706795971334,-0.03767590347537042,1.7095465912486212,0.24402283145450254,4.159317200821752,2.2154400736471613,-2.2289615484811556,-2.5163781730441945,-1.8681424806451983,-1.2824034092901064,2.570885180532433,-1.5855222703925187,0.69378192106027,2.063324809673228,1.8326725492903975,-3.988803181973564,3.465468010093069,-0.5067257574416424,-1.0498133526618465,-1.0328225901999244,4.313001853941913,1.1698603835943935,2.4702762093949393,2566.268795811863
1.3863554154392452,4.106899574029514,-1.5107858303717614,-0.6249053326033736,0.11970004336989436,2.306383065401357,-4.932867988179579,2.0159599948374076,-0.8899516089169831,-0.6868706874326965,1.6959973729571125,4.76038767000917,-1.2646177379336612,-2.3169481257352844,-0.2573277824168622,-3.3910295711145793,-2.4645564249965384,3.17652704190949,2.596063317993198,1.319853112773214,-0.6486378622838092,2.3900500145670023,0.47392796202477805,0.6092328560788807,2.228882540727888,1.7827889775183152,-5.109522000723386,1.2956022099704172,-1.96011094414685,-0.9587600607930851,2569.3265421134292
-0.6520841705809968,0.1513538940018626,-2.9611429121783948,2.129271523034573,-4.145871655407928,-2.8620621482834134,-2.104943403990717,0.364109358576848,1.159672051268339,-1.4377899058254484,1.611525501267134,-1.8457982184151955,1.4681886108326112,-3.1649322097702153,-2.050818561372408,0.38360881569185107,0.5976997410797817,1.553290602620688,-1.687244664607712,2.2386833530628394,2.593287435149044,-2.8341504958598316,-0.612718511649853,3.1553782754895554,-1.6632334033928684,-3.027659258195602,5.072122555688918,-2.177156846301813,-0.01761285608853269,1.980894139608471,2569.913041047888
-2.3870866408982927,4.350968389965208,-1.3539423066520724,2.340817589823457,-0.6759309907056905,-1.58906972704263,1.00204023249561,-0.16849682013625444,3.9613676445595587,4.325668182624749,4.677336478915207,-1.926741382547274,-1.9180686634953514,2.9028929618847554,0.03346739998684334,-1.2706681864685483,4.007995907295029,0.9718625382991607,-5.016105550047964,1.3695744291520189,-0.7700818138397529,2.1821437031774837,3.0118843081342925,0.7378392457274958,-0.18851538971513437,-0.7513434588410529,2.7169561711123644,1.8711462302610884,0.9664559365238883,-2.5018810817098345,2573.2357160376678
4.85023556199147,3.1760301156241164,-0.6786008420989859,-1.9096287234358842,-4.997819746055324,1.522151728842493,0.6403002022382971,-0.7484478833116648,1.1010664051047803,-2.1352467820201753,4.27993434942132,0.7757245446865668,0.7045783778394852,-1.3632343696090319,-0.48632110224491054,-1.0423620746239648,4.093261490849507,-2.0424415621341674,-0.11979480438585188,4.991446634728904,-2.1023196606012835,0.8717557930539779,0.8827628332240598,-2.904252942655627,1.4394496610147112,0.1744302448224282,-1.5600766769966417,-3.6373750863322245,-0.22089436685038577,-3.5192311587287097,2574.531922692249
-1.3969400391970794,1.528051303059784,-2.7061552326162674,-3.2828505364472287,-1.591599982917526,2.7752882543125925,-5.113734412336896,1.651199354486979,-2.024599188637027,0.4622880437756125,-1.640307023535975,1.4099523563901097,-4.707718986742686,-0.7914944546226594,4.270834202962691,-1.1907438245978725,1.9893016866216868,-2.2227058296305673,-4.487829462845861,3.835748176902242,3.6320176626751897,-2.069195790217548,0.13578261882320333,-1.3484537233754095,0.7798342604957664,0.5404838042480484,-2.1351356026547794,-0.6617995894209359,0.6073254094845812,-2.1393362082187664,2575.656882843297
-2.4155805084274284,3.0774402895559203,-0.10960467397048967,2.925142606929604,-1.427959963515806,3.375623267202309,-3.9964465339011626,2.5636088663142345,-1.6956183245662815,-1.9261270098138414,1.4443653256969646,3.5127665840215405,-4.007896735580157,0.6337169616554048,0.7574867870401283,-0.253957827388299,-1.6335254948146536,0.4165153472218013,3.1189363660293763,3.3589583364379267,-0.2486984745575228,0.7720471722119271,-2.7445052788866953,3.7095357378525025,3.240869390944055,1.1066134518657362,3.6939430946850327,0.6161331520262163,-0.1342871119430078,-2.46551086263189,2593.2935476993252
3.4013539707850153,3.3534143764840314,-1.2166504091393495,-3.725879955258037,-3.9992494777677257,0.3691806418643053,-4.438350200565882,1.7768259023490396,1.3586624146513113,-3.7787818900403956,1.2312418964477903,2.3453959894526832,-2.3561795538854993,-0.37351207165856426,0.15746989320630078,-1.7171962035967103,1.2583906013548538,-1.9164780902303393,-1.1331683752923982,2.6693356718521484,0.7361027939066247,-3.279883191463327,-2.707075249625678,0.29592034050658644,0.014667934271553662,-1.1806708539527535,-3.0959647550064324,-4.083535722890123,-3.6243577833502068,-1.5505768394550836,2595.3923370908924
4.945095892330723,-1.379206882599853,2.088197889518594,-4.025528861640704,-2.964725178922045,1.5469310225900776,-3.122145337308142,4.806858520454933,-2.5758204197483554,-0.010726086901908793,-4.211764655501571,-2.4848628160120008,-4.131845001378371,-4.105635831553476,4.859184574363057,0.35104035721327015,-0.0224229420572144,1.7167180081980653,-0.9184146034095179,-0.002813980181686262,-0.5885859093744514,-1.99223219885172,2.05732891817907,2.779729681132587,1.205876940481854,2.431431565625215,-1.380065645270419,-0.47554470816091055,1.2631681733198896,3.1512866877393675,2599.0365479456455
-2.0821427161760213,4.421903922418095,2.183598967582876,-0.36105631026131624,-4.277112537425619,2.7142378908191658,-4.250650759228627,5.046728846809923,2.1132193114126867,-1.3406495596755772,0.5723694817541115,-0.871980749258873,-2.373945556295897,-0.8397665040328179,-4.214989848961057,-1.156943503076037,-1.1196110622341975,-1.614706922140519,1.8051853325959089,2.756367383971245,-2.8814260225084753,3.153164934028008,-2.0218575560016463,-1.4665292399036738,1.8379637058670093,2.758923360097006,0.43282409425900914,-1.333316695538596,-0.51701010655292,-3.9519239624724,2600.4157850294887
-1.9206950555489475,4.724660545529044,0.866299811758073,1.101901285500471,-2.40767047435446,0.4075898672112891,2.590316578039663,0.20763459018114072,3.678178349546554,0.8138980593915093,2.783530321950385,-0.43675961291510546,-0.40513565066640245,2.625667840074207,0.4349545979368029,-0.28746548386333703,2.5410906865267915,0.11956577536609792,-2.406013029792444,1.1919842194181505,-0.3614063000733587,0.7777466168206078,4.016557956782444,-1.3280335378602295,0.3540804023807935,-0.849403260707567,4.296044349282677,2.440912614213211,-0.17891522690631856,5.109884976874598,2600.603089574902
-2.380910551578417,-2.674071392006158,3.6575340948821813,-5.048449163165803,-4.674760087829318,-2.096444035859486,-4.191088785604346,4.172756424932597,0.02244520580000786,0.15636764855705382,0.2620921414074838,-1.9859996221064922,-0.23987192705640858,3.000091338772118,-2.490749215747047,-0.5975404154000139,-3.0874391528933596,-1.0803480047229952,2.8490328025354423,-0.4819996045482441,2.238430377299869,4.972567493652646,-0.34328010914955454,1.537804146968543,2.047333120853081,3.8053883652925764,-1.791955914750556,-0.6482863100405885,2.010357720224276,-0.8237283331761944,2601.719726433923
-1.278450437859045,5.114962624945102,3.107203081292315,-4.923947645304121,0.32799434836394337,1.0565722180394082,-1.2233339715034004,3.294656549500411,2.638670581269052,-2.1637582074088932,-1.5341379612627657,-1.9500970997135039,1.8065873353511874,-2.0089851906718224,-3.6710572629600975,-0.11856226806086667,-3.5230356308012234,0.5941023693717159,-4.6656126248316445,-0.6350640969218808,1.3609634441868814,2.5078608101808486,-1.4574900376262112,-1.2977745911499898,3.4377944176944033,1.458958228147726,-2.955733267658263,-1.2239343250666859,3.2315062703989046,0.3998118039477664,2608.582916863027
-0.6930741255475528,5.116969183686565,-0.69263400102842,2.1738595516532824,-1.274895792200364,-1.276013321651927,1.270939670027949,1.050797532420541,2.226139564164682,0.13184306418816183,3.3142592918699934,-0.8173077800654326,-3.282685822962473,2.3609526357347788,-0.6609468777463372,-0.9234118463332189,2.9274510557134676,1.67393017468829,-1.6146048384592535,0.7565773416358914,-0.9666512924951715,1.8254975228997172,4.340316575372411,0.1669190905684454,1.2194048027491067,-3.085908551052644,-5.081374909385321,2.992274420775248,-1.4542199700529408,-0.5483761876337666,2610.1295093453014
2.6136080852241084,4.7246704358267655,0.34516303234742485,3.228092878378267,-1.9130037295085758,5.11885013319785,-4.072560454816059,1.4588339747658141,-1.8939098165700758,-1.428003496868679,2.0433429249949326,2.7701266196682663,-3.3741350792802853,-2.849175632976764,2.450723299489631,-1.300270687806733,-1.0370348642669338,1.7200544923477459,4.176915223022638,3.178251274862139,-0.005859629986965376,1.7044996052910777,-2.369161342934566,-2.850001227844145,1.1387300543524048,4.204383419269163,1.4925028372427267,0.2831205300144979,0.6753559729487784,-1.6262904992610059,2611.613076861569
-4.419662203916907,2.462223506978395,3.242799824052967,1.2732772367822383,-3.309461124100272,3.9319983288551343,-1.9728396118276557,3.3124195545131006,-0.684685811720098,-2.9382291730180707,1.9936086380686808,4.103988029971043,-1.532592097793458,1.04497784035697,-1.3269170452339218,1.3784606457033755,0.4574470297144,-3.0166463373125296,-0.14618237940079348,4.042596425748334,-2.0400338240021036,-1.2951538719118514,1.4775318277867187,-3.4859300725253517,-0.6540149474085466,-1.4646055366803363,2.64721322632726,-0.5081133663390307,-4.2902538416530405,-1.6652815100411895,2611.9073856871532
-2.9888422241998134,2.404345361751141,3.6809230263333728,4.044697219615797,0.1301739221349445,-0.49906759697753966,-0.23025046958391027,-0.34922406894652414,-4.280480943931826,-1.8189218635589353,-4.02229518139955,-5.106225964554736,1.250328159024888,-3.349787657763414,-3.286021979136576,-3.5415505283281714,3.9096172045422817,0.8539496531904947,-0.984237601822727,0.3754373767582794,-0.12607026741321414,2.8440005283707537,-4.529229629320408,2.265816764953189,-0.9655164938850529,0.45196540512748223,-0.6241977122217796,-0.8731534664538778,2.0401028821610585,0.42683796575057564,2612.570006121874
3.9026656633507244,-0.5854020143122701,2.7904271271121903,-3.5300579811948904,-1.8965271332215499,0.77197578668298,-2.190913404519873,5.030424120897656,0.46097576881459545,0.2798656478987278,-3.346734009522409,-2.032043522284236,-4.880151934481473,-4.974147555242924,3.502452721666715,0.2470767622960571,0.4014578405029121,2.4544054808826536,-0.6574259405903101,0.42131162232726904,-4.532378581916593,-1.3463987247268334,1.8621819549022671,2.2228133806509267,0.41070876913761173,3.3391025776793017,-0.2554968235610757,0.9810494920020882,-0.47913747595454637,2.0613080573258276,2612.6500260849557
-5.09240457000905,4.994829205964502,0.6583233848186627,0.13686660016561844,-2.154879958999538,3.0000441532074063,-4.523197882748989,0.9295893587083717,-0.231058690927819,-2.9173676562704545,2.350188078163927,1.117471250106461,-2.792087053387501,-3.8974532877656154,-4.889634811857906,-0.873645933183109,-0.4799777489769803,2.426104506206533,4.276616425557951,2.5746911502813465,0.4208724274760392,0.4329974012324065,-0.16778102624298752,2.7503052162482566,0.8699901862479924,3.022209668754378,-2.706205334357123,1.5339427025580694,-2.4173150766066382,0.11654270361086855,2620.5933707049935
2.857576427125317,1.6068073588460496,5.110601692670578,1.6140085497229677,3.361075754348035,3.4569245082504345,-4.608623691004722,4.767170311592373,-3.8192961969297943,-2.554004561796206,4.834084193139145,0.17690806064211972,-0.8911492849246772,-1.1920768204590004,2.855088711740013,-0.6923501089083748,5.085957669750382,2.1152925106530516,3.308141755847255,-0.34477700790295596,0.3383023270671049,-0.6773354289823315,0.8624390852022218,-1.0012851250202526,1.151236138807734,2.390606476767146,1.6844127832713467,-2.1042943685389943,-1.2461252289147238,-2.80463063467798,2622.4544913554355
2.7033107411206285,-1.8997034252432505,4.775380562800413,-3.3470636500541167,-3.242902152217162,-0.6663620500777618,-2.0232072009609556,3.0696285544514916,-3.031963523743281,-0.9107428388839951,-3.9962422265460007,-1.3275484616287474,-2.316502295934936,-3.2863259952028483,3.2839834714937632,1.1941622599526722,-2.4629765498969256,2.3409419452973443,0.4201137216464699,2.207454317590359,-2.5237603767810723,-1.074360067314819,2.2416660463539455,-0.17549082622919243,2.773373348210114,3.5083865689229548,-2.3692463620277486,1.38955199665223,-1.9288618256289758,2.8350561028847774,2625.428356510295
0.6981668164379853,2.68124919928753,0.7652818679025483,2.9202831261163693,-3.873999405062012,-1.397703423200082,0.8770994499112869,2.3309983638068963,-0.7644152851287636,0.6509306556360803,3.6559450064919856,-3.3505771146730634,2.0087589994947903,1.1964222238502684,0.9819040289266237,-0.8591715362665986,1.6314960784600323,-3.2435902953579747,-1.8950682171128694,3.28397105063553,-0.20894490092544837,-1.8279739495217884,5.094911279410628,0.008867887481546322,-0.9486560141415291,-0.5696480308386421,2.4526573401614913,4.594065255032134,-1.607127090634471,0.26020933786557976,2627.6154701352293
2.3945633943714513,0.015886632911411347,4.1540171885308474,2.8735816349298537,3.60062860186076,-1.6157927694046814,2.8327725431075943,2.329915784138851,-0.49675341528970307,-1.2099547349987616,3.638954264303536,-1.5600416357910056,-5.013343847860413,-0.6660552641763662,1.0396783342102518,-3.2685576354832158,-3.705470992969119,-0.3142590436029369,-2.69598292321107,2.078893783387611,-4.304523007517028,1.904298302232505,-0.33482509081023704,-0.756038437428147,2.1081081585427968,-2.634033124626325,-2.163801117551285,1.4568592971669183,-1.1639193585696987,2.6090235339645593,2648.1928398858277
-5.115856562713009,1.911434447170061,-1.3625086394447465,-3.986936524398726,-3.3549052438501614,3.57857623027226,-2.458206583893953,2.6510404431416132,4.564733714101562,-2.6092608315205337,2.227211230219397,2.0569109719955936,-1.144255782098129,-3.9102143216487724,2.082433052509133,0.4248367416874004,2.0538669894015453,0.7563101774374015,-0.827799533490484,2.158187779461498,-0.21913729570342583,0.3183797293417001,0.364987155241811,0.8794312151834449,3.2497099801118607,0.8460392182697682,-3.815270812664228,-4.387630646061283,-2.6339668297476537,-0.9562220033046996,2650.5881400743597
-4.328818321788784,-0.23934940571173177,3.6495485211511474,-0.615856942193052,-3.373997037190481,4.493666085046774,-3.5577433238718763,2.4977661530440596,1.7145195313895978,-4.347592592884451,0.9282740000954235,2.9303432838064425,-1.0528781645943899,-0.5443561792410457,-2.9906396569207594,0.49313261261667546,-0.3917379971703845,-2.8706175011991304,0.3543150680859074,4.334953039804141,-1.9478883188029164,-4.257932588263591,0.3718655950516758,-1.2457410418564772,-2.755445594397072,-1.0334799208582865,0.5521765044653126,-1.926284237761359,-3.491883980676719,-1.4104683677238135,2652.6423730157976
-1.6576832024323669,-4.614160880496078,3.0949329111305754,-2.843002895258354,-2.697704436960935,-1.4701721907607115,-3.5057232835563816,0.34255227856990816,0.5832667941468304,-0.007988979472625779,-0.35032108432767717,1.872478825328331,-1.2927791888103501,1.5291166468216415,-0.01582868060150011,-3.3290435273451875,-2.7489440677959163,-1.2827687651832014,3.886980909308586,-0.9805725967064265,-0.319447460819006,3.7382601162919666,-1.1345341039087933,3.8220639144860646,2.9872950780759524,4.1500790574502435,-1.291761325412789,-1.5555275507971396,-2.516645459835286,-1.1558974161949573,2682.614385059806
0.8491682778231637,-1.9727347469261654,0.004083739920189844,-2.22288161930668,-1.2432642328952743,-0.04741554033420048,0.3225631583962192,-1.4823574424218688,0.5242508286208455,-3.3365351132173506,-2.457801839272274,2.900825668964106,-0.008448653932630279,1.8669032703018273,-0.36076463133562675,-2.427504455055935,0.6692693610637064,3.0561260956357783,-1.7359434589355456,2.211583458602779,0.15890435879140077,-0.0001362664174003811,-1.0216785063681015,5.083309179236883,3.325278961869245,-2.0499159018957656,-2.819294640638746,-4.388327259918085,-2.0612449121699568,-0.16826126309505285,2719.656538693002
-4.159310774569594,1.9026934551409944,4.639111730470811,-0.055864806852232274,-3.0505257821829592,4.839822074851338,-3.4113102514258142,0.2666940194077174,-0.7543630936852141,1.1048384934381577,3.165230997847601,1.4660998494166493,-1.0481114456007927,-0.8396749864958436,-3.3519458050207094,1.3392269373329009,3.1564613952439373,-4.510286626903984,1.4629606103495747,2.3159423538319337,-0.564705445299347,-3.414646923134444,1.9800446331439174,-0.7466685493851297,-0.05819157761086102,-0.189230260879162,2.928871238295121,-0.08711555048737174,-4.815419070983998,-1.1374961936788863,2727.2902923190422
-1.4672814521369062,0.4647627791531952,3.378883572271576,-2.744942511019132,-4.778431885799367,1.8143334386173988,3.340097547959562,-0.09015869666229358,-4.462595194548344,-0.3491933658921058,-4.321953695140211,-2.5818602357192146,4.056633682736844,-3.0419199340278125,-2.9109608997392913,0.12454543623928091,-1.7981320453013478,-0.687600162349715,-3.224654206968165,-1.6121745416296207,-2.860692080238067,-5.025445543956602,-0.8204763786240061,0.545554897593828,-1.1431875552398365,1.5913416689452173,-3.58948581146973,0.11899939327065123,0.7006581697675749,0.46880403258619285,2746.5384517367584
-1.4810620044417397,4.505518334634238,1.4332035909741063,0.9313209437633734,-0.6902700944470519,2.565802962536297,-4.278453588262364,1.7525282332937415,-3.4785923004237147,-2.3843330178722693,2.8846250418139743,2.2313415624336583,-2.0858753300383595,-0.18308468126595978,-0.0645923046617245,0.5103406923089029,-0.150468663597772,0.1568869507909263,3.566630161095323,1.5531915236123242,-2.1389956178198153,2.94609655016414,0.2220610885908083,-3.746979003504485,1.9537999649539426,3.5659736023988784,2.498108872476184,-0.2947158584172467,-3.995793770412794,-2.206906715209711,2747.3197040733157
-1.5976523166794867,-2.776194263051009,-1.4845543614958399,-4.359275891053668,-3.0091015656835305,-3.180481117577626,0.04685577689028264,-0.46071619637932626,2.568907104174819,-3.295406591392503,-0.9466148879150282,0.11444654949353439,2.542072933876721,4.689742279984699,0.3425531410954236,3.413722047708785,-0.5924661161541147,0.8798819576418238,1.196975509361566,-1.0489595510638448,-0.6646968625744858,-2.6706545545301967,2.360170887191873,-2.605289839728443,-2.435465649852617,-1.799268402034157,-2.27676644217869,-2.9295879148012327,-4.743875005093178,0.023308610287620324,2758.123934877388
1.570844257134611,1.0076205854724085,3.212972253528761,-4.653889028549473,-1.2480794405591817,-0.16331917460783354,-3.341359884584757,0.1315928036741345,-0.07317157229317228,-0.47920810327940844,0.6428752057765826,2.1903990884742424,-2.2026535803857086,-2.2592938222005725,1.0355566886831091,-0.7217305957630109,-0.10041941739496174,-1.2833071959500766,3.4710916604337307,2.0244769803009923,1.8772222571691761,0.7664672383279386,0.36091521927571535,-0.4539843556838098,4.1536128774185075,2.2371799049477596,-3.9378118588255395,-4.200838093619419,-2.7911928732003304,-2.5942781277596443,2769.4084122001027
1.2836849991805326,-2.296217947248943,1.351240291804956,0.43156281617547027,-2.0471656568522913,-4.637836247525745,-2.10221580152867,3.231290650023281,0.6420418457738928,-0.7995063117032299,0.9686928391270077,-0.6550693098041397,0.6228981262747463,0.3042088443142599,2.0617437321159726,1.9291113064792063,3.7159806836888594,0.1739897014429852,-2.3025843439868394,2.6094419762124104,2.079303892769457,1.009096820315142,-1.6469304419381896,0.4490087785549538,-0.6701598991020965,-0.34707535620596763,1.79740185826827,-5.11015618088721,-2.705401981607588,-4.598709870894565,2770.210888078347
3.0044508642681196,5.106022356491356,0.26346893122126414,-1.3722678257933387,-3.088119561747028,3.9712231026902276,-0.5769806741789374,2.4857092194893653,-0.2739130582066174,-4.3353945686656035,-4.910984014636199,4.9816675692650705,-0.43154164412461127,-3.2357279358498303,-2.6337684576422076,-0.04462437660824947,4.658523068381925,0.3116505027137661,0.3765233490274182,3.975134238713358,-1.817873199888039,-1.8505807052308072,1.290839842827097,-2.275402525963067,0.321907375916173,-1.2331642181645064,0.26131108208051834,-3.3428521887026705,-0.47459194434552776,-2.2141103387897054,2774.98456024052
-4.783755417209337,2.5967615924801466,3.418120273976801,-1.1097611487134236,-2.9028937672602315,4.824657791513979,3.445185669596445,1.9346500197163523,0.9968786228438467,-0.14703735653853944,4.44856016709591,1.8978745493281137,1.6686418899520814,1.8570326663212562,0.0034265909706079345,0.7870414769674603,1.9677194588719238,-3.474715420301548,1.8085814138652447,2.266642109399845,-2.467850879892242,-3.4854933881644814,1.6134467463847235,-2.820825593246071,-5.090706464744166,-0.25044258307936834,0.739413862181428,-0.3156833444501098,-1.72314012157293,-2.6116863561285517,2787.4906185576315
-2.3990660420730636,0.48334250142624746,-0.9095684765794653,-3.638764337657744,0.8319544030359689,1.3139874885443599,1.7564716081761593,-3.008138016799345,-3.937563368626293,-2.5203309484476724,-0.6446908441937692,-0.01147261273519018,-2.759956034425606,-0.5676842534967318,-0.03413690670452818,-0.21679913810212592,-0.7965489183953611,4.997610425080841,-0.030983155290156827,0.30294990121230225,1.099570476071277,-4.615062590122043,-1.7555877543101555,3.9693549557176913,-4.99621316317907,-1.736958395705761,-1.8733614003738492,-0.7829427854192239,-1.4754714733481948,-0.9556848161408675,2791.5658597604042
-2.3496759736203408,1.453189937162382,-0.9209071832744322,-1.5360859051699702,-0.19310887102658558,2.3855811705518057,-4.790334712234527,2.4630646171425097,3.5295613016466234,-4.239508535149284,2.3870642943028018,0.845456077372994,-1.1556791410921627,-3.929811863387518,-0.31579094090973747,1.0035040866879186,3.2819017088277853,3.4192849840855577,2.081325885557985,-1.409835854414383,-2.166397145469789,1.2477620752203085,0.9600644177870199,-1.9373013086891162,0.2593340964994866,-2.0141803323958785,-5.036236042390954,0.16170883922669788,-3.5256861633727334,0.2944356714692511,2795.0077343276334
-1.1786437253897863,1.1593304711353651,5.048366146855345,0.6774582595971461,-0.1220530865299433,-0.3782050354465852,2.0943829710447166,2.176271667684869,-2.2581093744832246,1.5037933304532327,-2.326392685159025,-4.394974099996244,-1.3846026556403443,-5.079557570027884,-4.246748390178806,-1.0398740895649048,4.443500699974803,2.917904537537037,2.98021861039889,0.4260052619757946,-1.3110077224823655,2.6656011236334245,-3.865830973074075,-0.9019310491824946,-1.4204574674297903,1.371277509706076,1.9949391014769597,-1.2104161438235996,2.2109107631443132,0.3459159823404095,2795.815859612478
-4.9686384302718105,2.0741360447354014,4.693574944148839,-0.06288842609587264,-2.3101149610782024,5.096490688395901,0.2199360601066065,-2.6781909125561696,-2.4741474324313937,-2.290199961854385,-0.7869249891143971,3.9193332276901103,0.5482229516906705,0.13208749092030342,0.25440618764327905,5.083836180740532,1.5558828898448127,-1.7847141162814233,2.463381724111139,1.375174311825229,-2.2795206706847,-1.3165261968861723,2.7184042546601113,2.231673310679725,-0.37807770051021594,-3.0504540815241157,0.0673902364659845,1.6945895434895941,-4.088419169576661,-2.8557120909847677,2800.7635194809495
-3.2860701692741205,-4.682406492853188,-4.046635135195761,-4.556680139485612,-2.3374038036999143,2.4681441899322154,-2.7294984552574157,1.6017559363797877,4.997982770654453,0.4263657424536169,-1.279180186107132,0.1442477217437932,-4.732708715186698,-1.1378566191227026,-1.9873772087320212,1.1027750696179262,0.8615671237054726,-2.733310093437321,1.3933420761869886,-0.8091881138885932,0.15963311141620573,2.7933882973447695,-2.5321268779830737,1.2675688514558765,4.213182452449191,2.251281558595965,-1.9727409262603965,-1.673105093692779,-4.257912800682688,-0.757069441857936,2813.539754426933
-4.3262995009757015,-4.406020200187073,-2.461731965034825,-1.620985442396706,-1.6982866650855724,0.34503548467635614,-3.0192905311491955,3.2002252433694016,3.7100990294902645,-0.12169589749187404,0.07576597350271158,-1.788423281078089,2.5131811003957316,2.854888400722699,0.333475229023496,-3.135817376140989,3.164978963177824,-0.6996235653935268,3.739186725425352,-0.5722108651092169,-1.2994142905816328,4.819072745309143,1.6109413397714296,2.6321694627408894,0.854358944606368,0.6851001707961646,-0.6552625613085457,5.090009103080068,0.6369000240915548,1.2581742438640395,2815.173491285892
-2.865643282028691,-3.4517479232269954,2.818739763968246,-5.083898305009377,-0.4406510667627688,3.1190657121784726,0.28471383639128744,-2.0861873518702234,-4.793730422185877,-0.9737245962594141,-3.644255972572536,0.03056750884371706,2.3615199304454073,3.4418220499805465,2.5284546498948033,4.291478368312461,2.9917441679212646,2.2750435142128316,-1.2455545905477545,2.4242357989876533,0.3574836081390744,2.4129974864000063,-4.816521824685098,2.0732499816975443,-0.3430595536989611,-2.7569854836936516,1.3364070035735462,-1.1239905306853815,-0.9860794456000677,1.84508674901556,2819.64040935395
3.8353986235286124,-0.8014069522077747,3.490060559088814,-0.8398969269268604,-4.376972997680794,1.9270355066702074,2.9086689429321884,-2.617484123492159,2.859954992991042,-1.046645848460677,-0.017109796300299296,1.1005948981525369,-2.792686755796865,-2.532833865918342,-0.1743622909612014,5.102862608544404,-5.105682628251034,-0.044469960715690426,-0.5835179425731509,3.9641407703318423,0.9955578377100532,-0.8980476581795869,2.6228136524453416,-0.6848944860095924,-3.638832185519685,1.5494527790664794,-3.656205725055777,0.7203610906188196,0.0705007295246705,1.6792061756092118,2820.4835174928376
-4.246177579201146,2.883913359269521,5.119229557250819,-0.20327183379402836,2.5438169504868897,3.988986442572246,-3.551707683223226,2.6798335237014963,1.6094748791793592,0.47460606601981326,1.7001099846754526,1.5250963579102672,0.668837018016518,0.6751112781224019,1.3197372581861246,-0.333904551997381,2.10459743787428,-0.5585732466663516,-0.35126513793654845,2.167793410022967,5.116303237882229,-4.91327047228922,1.0625769245219143,-4.190553696652217,-2.170680137590945,-2.5494143142315173,-0.037574335136883574,0.21254053936026418,-2.955182781844589,-1.4654113919001992,2823.64172610531
2.6840684755632394,0.6493901252791983,1.0388453918840135,-0.609622131721741,-1.2628314049171674,1.1314456198369498,-3.278673676929065,0.6986598730435074,0.24385247853016545,-2.9928841290229125,4.1069784022330085,1.2300071540152802,-1.414932347977474,-4.368203361307362,1.7386304165390385,0.3015152642840107,2.3290572621653793,1.8680943363822784,0.5054717141264805,0.9394066205242806,1.104993232620602,3.48911006096799,-0.16429814002463594,-0.10351702721468911,1.310080639710565,1.800566773541084,-4.463306315427605,-3.2090014546689516,-4.068869704900238,-2.4573411439818837,2827.9022153546116
-4.13172536181221,1.000426306455413,4.141633871351676,-1.297086725318979,-4.492242432323527,3.857382898085173,-5.117526798226269,2.9707988755381916,2.021810413903588,-0.9981486478242063,0.6294609804557671,1.6929363567837188,-1.4226466163326656,1.0065403404370759,-2.5013772127922893,1.207773941581635,0.08011862899883737,-1.01180880093128,0.04982392822439319,1.2461948471236093,-3.1650550850345684,-1.203871256088411,0.2523614823682149,-2.0158912153052095,-1.2696746242597905,-1.6913506890344554,2.05195978046717,-3.3789721544891953,-4.461457592212549,-4.283140495562974,2831.098018518463
0.11069697057826311,-4.023826304436236,0.43392144748748374,-2.0551635226942437,1.4094594996003802,-3.752384552805886,4.167908459202087,1.7019449889118994,1.7399453800772102,-2.331959425316244,-4.542714189162445,-0.9902434593705784,-4.082900790721488,1.4180422536484862,-1.2235874638010258,-0.6604017640128712,1.9173770527685514,-1.4654860150333147,-2.1340754268601723,-4.94499524208074,-3.1697610965308822,-3.512126964150588,-0.5454281665971661,-2.5597799178350753,2.906066352555289,-0.6163000775774954,2.6098777254906596,1.7854794359816586,0.8333020720126367,1.9203248480876705,2831.892141794964
-2.7651482400413423,4.206929321909266,4.1687797671223,-3.324901999307207,2.7401215806174344,2.0384743614999703,-4.924975464272187,2.356747544326713,-4.03312522213668,-4.488394260039794,0.6855378618849904,-0.7715877622878733,0.32774726409153754,-2.4693646867342895,2.6734315539906928,-5.015810964229742,-3.2273453169281465,-1.275722616848388,0.4306454141722258,0.19696385036513198,-0.845746644902638,-2.655281699459491,0.46405479886870427,-2.1613247800800015,-0.32631692994580813,1.0188989573260443,-0.926951590030038,3.4087835964284277,-2.6176781691368256,-3.6324110648142978,2843.3813344169344
-0.03059072756377342,-3.365680519899667,2.4287459842202948,-2.4255400207807276,-3.870401382312901,3.5667990513778993,-4.177174795319751,1.3198955758152253,4.028921635894826,-0.6143239054863185,-1.708437561600917,0.9771281039345299,1.3017786719954196,-1.7204350181990127,-4.034492396777452,0.5840251050639831,-0.05141612357100844,0.19751665023634746,1.9583045562584154,3.725098231891262,-2.310002730141927,-0.2289883003111518,-0.7483301069840751,0.8678774887609484,1.3667047945136113,4.400953754400927,2.0352769068249894,-5.10823564017536,-0.948944437982064,1.610998116965992,2849.741445077045
-3.99906902410034,2.448524532641161,0.5282735431426587,-2.05401810348559,-0.8053110244374926,4.377457517433821,-3.393947082945028,-1.8487156975665997,4.723733293778196,-1.2660423387818482,-3.7499069894009693,0.7464417144913873,-3.684527703928267,-0.6831749414095043,1.4314286956398719,-2.1060890292464913,-0.771258945638915,0.7999089760053815,2.1472049306887095,1.7610522727131608,0.7989031704472928,1.3588914006464607,2.4557053125918897,-1.7188442871787488,4.400269975770383,1.8779616026051247,0.4426068885842788,4.824811952690705,-0.4031007741761874,2.9319189587667522,2865.164680241057
-4.349069908887513,1.2118534980245153,4.616740365443945,3.4627800579133226,2.742291687279425,-3.152818508208922,2.77742647332778,3.2073870602215444,-3.774744346422729,-2.534221420014411,-0.7086121424986602,2.621705178738893,-2.0579277576641584,2.9199988738111453,0.4411316248025239,1.2295424612411343,-1.398963948902752,3.965425636251604,0.12036223536482238,0.7895900465249079,-3.387551792591846,3.1414210134962497,-1.4512672357273928,-4.099234927397945,1.6039111371257126,-4.290730806660082,-1.80773750069635,0.43527902964202725,-2.199375389431391,0.1393629758943487,2865.5620838497757
-4.052700739827205,0.5212009215235798,4.720430914641403,-1.402371132449099,-4.07058181591818,5.070277980395234,-4.446633204702068,2.0857563222420135,2.256129532283949,-4.728524080052023,2.409805076262057,1.8168901568621147,1.2148136422853506,1.1462507107587547,-0.8369101986529752,2.3125207594408845,-0.38860171203056404,-4.052730335178641,0.5903061767123605,2.5544831365817884,-3.409626298160014,-1.1044414874321093,2.5434940529591676,-0.3051947118985351,-3.4117228790612972,-1.170314028314585,0.29412562374853135,-1.8213370248391374,-3.748005992697659,-2.3865297709150433,2865.941563990136
-1.7821776220905423,1.355417641045862,-0.6948787206544323,-2.758414461228263,-2.3560735874615073,5.069390205572957,-3.649856902883483,1.3025596071866068,4.158645383510766,-1.8097763898201265,0.5460377926339266,0.1804651444192422,-2.0235997429149437,-3.398689521418355,-0.08445810898637511,-1.4950938451528966,2.8385610574827185,-1.3028275408841938,3.122924610882273,0.5758967021244403,1.5485045515240263,3.063254717389989,-0.8183246557167578,-0.9790602881538013,1.9332002975129758,-0.6154391825539587,-1.1846927623830974,-4.6858735006074745,-4.497926445594571,-1.8516518431477138,2870.611145466109
-2.2463278727474303,4.3166041671647815,0.11529831792998047,-3.4610408775669153,-2.5800957880441695,1.602789309348836,-0.16159986132367032,-1.592866503797981,4.466395640743562,-1.268421183473831,-3.3988967505005827,-3.279071343927787,0.8467541421684042,-0.22336235079155461,5.112972061043395,0.6583145120803495,-3.316678926109399,-0.6481448376036685,-0.7587427387812142,1.7512196298308986,0.6839938431936278,3.448577673810318,-4.322682244820607,2.4756134076699867,3.5802708956047313,-1.5946093832592196,-0.6711640097688221,-3.2584801221617408,-0.5349337465002222,1.0814961120071422,2874.8464508414554
-4.741933001985143,1.8803165664608272,4.461346748189945,-1.1003065848364955,-5.101888553607577,2.1319385794026386,-3.390768889375365,-0.017319508667258843,2.074476985985581,-0.8256370203436423,2.8496365479359964,1.3851323149925352,-0.6513926943326223,-0.9251199019431512,-3.285538171338104,-1.4432864532318264,-0.549258879808216,-0.17033042158473738,-2.2717917581740235,3.036334582114772,-0.7735578389495582,-1.8118269759284202,-0.49716702992099804,-3.0775406564444348,-1.0304382246749222,1.0913180337701363,3.0303064698206397,-1.0357966850188214,-4.403686499167078,-4.761765591016187,2886.632998624688
-3.0274467256683697,-1.102990252372026,-3.1798647926136194,-1.257240985463854,-4.829219596191454,0.9047744221838565,-0.3647658269909342,2.6732777449498597,4.00505957079894,-2.2751357103265715,-3.2255650605900117,-0.6035601374209607,1.060179382786652,2.465395839608836,-1.8148959165869225,-2.4262175684686533,1.3857187472485015,-4.370942851117005,4.357736184478306,3.7204397601217565,-0.4821980334690026,1.0996913821248648,1.8354820930739544,-2.082436330708269,3.044311697497181,-3.1085325965347854,-3.4440375424994727,-1.4036913667021589,0.173443609008188,0.7629055874794328,2890.0434196405063
-5.015887969528514,2.4227939263487084,2.6112861344965514,-1.7568835290118483,-2.895321663334488,0.5417860071098449,-0.7580123425573516,-2.8141136593008165,-2.8123045661171115,1.094749326226543,-2.0899483896078315,0.6009819916221009,1.5412147843201103,4.606572817252007,-5.09000357899266,-4.108176637348614,3.877440117302651,3.2603737543681404,-1.0523432280992016,0.3086782127980891,-1.5560154243178244,1.7966922283513043,-3.9019921675359073,2.469582461260031,-2.3316201720803873,-0.35297873870925794,-0.06714904844211189,3.2151845892366513,-1.5246361219298405,-0.7685439883893439,2905.0713934753703
1.1238630324752292,-1.8008899110006573,4.932458199720358,-3.561135381172297,-2.748643959497209,-4.691915689430115,-0.12411478497029904,-4.085885419141893,-1.0389745905429506,-1.9831860546459117,-1.7817040082895659,0.15567979137983873,2.0245323276015617,-1.173173315624479,-1.2314150328211428,-1.2238938285213852,2.2346900333719493,3.935899081141777,3.466544056395589,1.3730859718562434,0.8452595320238251,-0.3704314574102914,1.8743765006305955,3.8553858594274995,0.31142129390687057,-2.4004983164316602,-3.2510890224351963,-4.586837978734202,-2.285657707424369,0.4447940706930159,2907.996404682637
4.152090053778547,-0.2580084352768486,1.5338328390607803,-3.688102810987935,-4.144516124788003,0.21044724646405744,-2.325831701553769,3.339637842437959,0.10658987978979845,-2.0101012077684333,-5.078011748721048,-0.0031873735272870867,-3.6105628873712616,-3.6795229317247373,0.8986903952798442,-0.7466800182973388,1.5833212758350854,3.3788743316237024,-1.9093666052239298,1.7776967975962146,-2.7027759323974108,-0.3954730915384146,3.573254118717562,1.1633772853563866,1.8999344764571304,4.9589373092428,0.622074091124085,2.235097577419254,1.5205115332606374,1.8858578900871739,2913.553636726427
-2.528791467163408,4.7491524697560985,-0.9474662119282615,-1.4390209910950327,-4.5101551307102,2.9591403924016637,-4.494121660482756,4.399424408982354,3.172037412205886,2.8449663300278147,-4.8685811812598825,1.659713869020415,-1.9611786859000904,-4.574919838054779,-1.4615179130722504,2.3090684195128084,0.6653420640840066,0.3481563755518428,0.5023894287514971,-1.528698015357134,-1.4478931478665673,0.3114209585809006,3.376980835610378,-1.3459610616867599,0.8386093163850565,2.3150187941332345,-0.9353582609287936,-4.726019099686865,-1.3393280578219193,-2.749713569531067,2936.5497720782396
0.8690587476774434,-4.1551928178225035,5.104096699801453,-3.474953917595762,-2.8924484823423477,-4.908448787856341,-4.828592449480518,0.0008621082147078907,1.1638893827600365,1.054072444611713,0.9260476044767135,0.9119976488942505,1.175939369501084,-0.12819798525318316,-1.0184566816482994,-2.2356838411096644,-2.0547424305836537,-0.7236131268584691,1.1847230864200673,0.7450946671385812,2.5167755466470676,3.6230107980868222,0.6286257821220524,-1.6195868896524654,3.827982187097815,4.586114615190824,-4.02039203516665,-2.013057147739958,2.4784702531747587,0.74678069969386,2938.5344762076707
-1.2658360688792807,-0.7577474642239048,-4.307938321592114,-0.5113277032940501,-0.32650299404408356,-0.7383060396392503,-2.8908589265054165,-2.7185471358600326,4.171460614990745,-2.0236453391954288,-0.5320647895203816,-1.1904937896951613,1.7170725630645485,-3.7418693149392164,0.6221547899794756,1.9142425510247418,0.10437148984882316,3.7424903441450974,1.3958858443856352,-1.3196085823632524,-2.680672889747241,-4.6911221876129945,0.7098975764507657,3.5027486556593685,-1.0265008443295565,-0.9453081305678437,2.302975821475819,-5.027549783136318,1.0793290496456687,1.2254699606416668,2941.9663448787596
1.9049132980539007,-1.6093947230381445,0.3779777512043758,-3.9097724376615943,-3.793971376067128,2.6265741382316303,-2.9003266295882186,1.4975688543683856,3.871992602595118,1.174071462507012,-1.4104599440971173,2.9601247612743835,-0.758366150451961,-1.8436034987196273,0.0486813347513719,1.6112802628130831,3.270007872611245,1.522064778742519,2.97350904931224,1.2906151259620777,-3.493614813590579,2.0742777886217527,-4.083697734610522,-0.02204345880019426,-1.0850819909988385,-1.398207075965267,-0.32370623922175573,-2.5812338387303773,-2.0769521648443545,-5.053115610378576,2953.0546443139892
-4.654887637936552,-5.119963321527303,3.935165124214504,-1.6144476443417375,1.143638480632482,-4.01910412262393,0.872182118861951,-3.322710926213066,0.4258847076046337,-0.2030715350362352,-4.6901251775174115,0.29507250684421177,1.2059327990188309,2.0574503888804605,-1.638170642471515,-0.3211618426002487,3.466033137653655,-0.41614434044498627,0.6468768399383584,0.4821052366630867,0.02744573126138561,-1.815457867228964,-3.7514642276793877,0.690919582380796,-0.8254780751359354,-3.4155242370819003,-2.8021607106644137,-4.929116673260013,-2.851505763460538,2.52745699331796,2960.923477023489
-0.20187161042443247,-2.955317188723036,3.5546818131104407,-4.286348505494299,-2.3037636973929776,-3.869021759262413,-3.5286654716616637,-3.2871011402456842,1.4250254520947234,1.0101905408174416,-1.1596575604079877,3.709097879829499,-1.9576248806818424,3.4279264500324773,-4.603355328752823,2.0607456044297043,-0.46272589783912754,-1.7904925316825717,0.2035457059578421,0.5756039003621574,-0.68566078457957,-0.7889372239941226,-3.5876820522926804,1.147811985090387,5.084020098117058,-2.666474394456464,2.467427187711052,0.4573256069328364,-0.554511691652428,-3.282932627872448,2980.87807080966
1.586891553128999,0.2550432999077914,-2.9200686771862285,-4.179352697797252,-3.113968147257271,-4.138000506798908,1.2115669062926815,0.12515633175500399,-2.318250791935801,0.19825097531740252,-0.9559047565729986,-1.172815035552388,1.0151461487485867,-0.9729487492251518,-2.665615669552549,-2.606468575777442,4.297508084430621,-0.7476709861389128,1.0633218881192297,2.6677063337980425,3.1965572164332734,0.21495695981799903,0.6937586231342419,-0.3657982632430004,4.693653219872978,3.7529782397779226,3.8960082527941795,-2.321443845041829,2.541313747784794,1.0700286332030926,2994.01733513833
0.3899878487052102,0.9216337810520803,-1.3531592348768662,-3.160450592078572,-4.425908736999401,-3.212328005415614,-3.806630274180713,2.7121477033098125,4.433743555273956,-1.5823582396088147,1.3862633431543823,-1.517024073525414,0.7674884024078428,2.66625436167685,-3.062160062690761,1.843312279005337,3.674575066209602,3.6093661392722285,-4.166628211342657,-2.3929678500434233,1.5023666278226624,-2.4305679672465796,2.093454856778559,0.4633485206041934,2.53158695525494,3.071085664475091,2.8589292600517924,2.589859965832185,-1.2857293484742012,0.8896688466648643,2997.708150028109
-3.4409012087280613,3.4857683062665896,1.5670323788357312,2.1941101755917987,2.5408109199089144,-1.9885883734415173,-4.858772806353694,-0.7774113027500749,-4.34515656333588,-3.2597789880933297,-5.072065287404545,-5.009213398369904,5.078993418468222,-1.1799934648118664,0.36438034396336016,-2.7115084130401037,-0.7035367163064863,0.14314936063814754,-0.6999703873227268,2.585209834134052,1.9462692812179232,0.11777114896918417,-2.7689089854305875,1.2288015425255483,0.41968262044256277,5.093310289399096,-2.60811260359188,-0.45851990590263414,1.207394722692726,0.8919115169908243,3002.373035909716
-2.137434423950582,-2.0620729996608267,-1.227721318743116,-0.23293420137854892,1.7079279699080203,1.3304610960156893,2.121315107471236,2.734572082255958,5.117169990480304,-1.313684265191954,-3.5226960898781194,-0.1493314758287591,3.0472384450922565,-2.9515925190145365,0.5093583165930599,2.039611285919099,-0.8141160801520497,-0.5683112636526162,-3.526365604148758,3.4444151706371215,-2.208408931705944,-2.9534909243123524,3.870871724535859,0.8208865319013264,-4.262007996348425,-2.1714629925144138,0.7671297928374154,2.830465434067696,0.8183948251290153,2.6437947772594717,3028.963422486455
-4.768836975597312,-2.990091350514869,1.0775541646068167,-2.054596806948642,0.4478965856812161,2.8220326414355807,1.109720779571455,2.462084149293936,4.309344620118077,0.6938288298495693,-4.554086670175393,0.24868397308402646,-4.442019647440363,-0.8407691915294225,2.7222483088904252,2.6320987203994237,0.12202505536212316,1.2563006108920447,-0.00967119775651041,1.5597934343778181,0.27568503049013393,-3.3325533236795977,4.348760351309584,-0.4982951990190881,-3.398984372150264,-0.929248685260045,-4.834702344929995,2.395052166313064,1.0528585439785425,1.5716982753833084,3029.5668971447444
1.2303781018100053,-0.6611115799922371,1.019535216594536,-3.2405192850572284,-3.789194842586834,-1.2781423342893654,-2.424334683593877,2.959456677030622,-2.082310442900761,-1.0314396584992693,-0.4991678951619794,2.7152960943987674,0.12977955977701838,-1.040760019075899,-0.9739605542397989,-3.674678425928998,0.7840409931070387,-3.3777342500743464,-3.663930506904613,3.324684615153382,3.666015385123397,-0.08023720979738416,1.5526400625339933,-3.7282745126430763,2.7308546123890194,-2.5022067851485144,1.7986609452501412,-2.4637476614577483,-3.877617135036899,0.11900486949922107,3033.2262628808503
-1.1196077446001227,4.558206317893767,-2.2133712147184936,-0.3207627595503042,-4.658164391634432,3.273758890033245,-4.294251408045724,-1.985698587342587,2.086320870370698,-0.9056852293260069,-0.26402327781805734,0.3367401199555875,-0.14947060362374298,-3.926819155694533,-3.6491967602592923,2.9331316141645516,4.3849790519612375,0.5179120757653359,-0.9011956819620179,-0.7141043780019569,4.214850506199055,-0.7224079257016532,1.3179688359660626,4.485850184183893,-1.8938754139503617,-0.8187432061848365,-3.1818164989412185,-1.976707016328774,-1.1748467467220816,-2.858330946114208,3034.179000468139
-1.7610528588775858,0.30120629394400855,0.5524395156234189,-0.3393734993376123,-0.9269862681114747,0.6316359160422116,1.0184173529436213,4.964103873593233,-1.0344966295760292,0.08687065346360479,-1.3379046685803049,4.644967572280939,-0.10686458882270022,0.9562203525017792,-2.9307019450334533,-1.610873549235459,-1.3692597358796794,-4.788202265772391,-0.022366240455333516,2.9776947455659046,3.992225266196706,2.0013388691293317,-2.978825409899676,-2.723500700915432,1.9032744819615306,0.8126475474890804,-2.4423762396314284,-1.7589115447099901,-2.070563349877641,-3.9192669831273044,3054.743772141353
-1.589822935253506,-1.7790840829689678,4.185916555872514,3.706097345675767,5.044228193103637,-0.7980551375527218,1.5072384501326093,1.0485455564828028,1.2426929337665205,2.2437463625841576,-3.4628264255146406,-3.2511533179397727,-1.1958092251397883,0.24265957613156425,-4.136198652798016,-1.7780450298334853,-2.2576382175737555,1.3710040132063277,-0.09718720820996518,3.181610183922972,-2.342475969506285,2.267812549464254,2.7692979814087297,-1.6333216251804135,2.518574339957092,-4.007077085495738,-1.4367436354946461,1.0735653592505123,4.585428758986978,1.568233297804815,3061.2108575245898
-0.6121853075651387,-4.540889226571609,3.9951258982002305,-2.9297339916130096,-1.3812693813556596,4.855147810201341,-1.4099026782376438,-0.6294667087181591,2.4841568031841517,-2.8419231132654064,2.343288090600899,2.392456875466803,-1.225103546717792,-1.360312139679442,0.1823446528100957,-3.854265656137147,1.8598017474885582,3.33992013754355,-3.534541204649095,-1.041182533557324,3.417537543218823,-2.9063157782108373,-1.6989310927109769,-0.8160965978763207,0.5228748092739075,5.109839921811666,0.8101483541163796,-1.4458856058549752,-3.43648078720436,1.8416352997347178,3079.177421026496
5.075465199170841,-1.7194606494532487,-0.4034768813317322,-1.3232647595277784,-1.673069861832228,-1.8441651613585264,-0.32273738357708925,2.1060330811697265,3.3388234624477753,2.323650705160667,-1.5266655347632085,3.3096680677985653,-2.5162507291127083,3.6859057732826153,-0.8648545024428776,4.374144349052744,-4.7712572952683,1.962833378669445,-1.2861071940603725,-0.4140850164859853,0.714934686916838,-4.117939534544207,3.6113626936999634,-1.1034401977270867,-2.293410203149324,-3.8503684305200316,-1.963898933770345,1.122437610905912,-2.3080081342122476,1.3549167553253256,3081.160695122134
-3.5594918751643267,4.964689074730682,-0.9702821775010247,4.840176371144061,5.095093351909352,-1.35142001554668,4.34342794092504,0.34501903255120386,-4.682126941498915,-2.997957356238145,-3.04499955628537,-3.4256471436630096,2.4247510126894243,-1.1158614479649995,0.9399527630292593,1.773292340907473,-3.0601757562824528,-1.5619701222379707,1.6117785427037252,-0.5367238461804215,0.6405690800882079,-0.9813206844621181,-3.497145396731958,-4.621538185572508,3.392605520463497,3.0561932809653034,-2.7363116234090326,0.6137760177026033,1.376218019990886,-1.662379072884558,3082.75532148842
1.2225613646857507,-3.8740961109704557,4.109800258810849,-4.574364069095517,-3.328325246554278,-3.37374083243496,-3.270763266286212,-1.6708366277899955,-2.488538959183886,1.6994810415800186,0.7058166518745492,-3.446734028230247,-1.0225603819907283,-0.36515864966265366,-2.2094898410403814,-1.1264252800721617,-1.2058913210154634,-1.5089102788822613,4.545328347555784,0.31135986550020656,0.6696488044661576,4.433951079327475,0.21966476784660863,-1.2942586124760331,2.5242557525781684,3.1725234979025685,0.5637064772147995,-0.9772955875396399,-3.6572108072955523,4.4693368418421695,3115.296061868023
1.2747785244674303,-1.2514740492136018,1.9478272387713509,4.195633750506758,3.3971017286668896,3.0956204072771705,3.6920229137021408,1.1015147187361665,-3.1598867223765144,3.0240404380370807,1.1540228102020569,-0.019914033247583784,-0.8646830907721377,-0.20677322648504579,4.853380225970989,-3.956608014272013,0.819423851308239,-1.0939726235709382,2.1145353753714904,-4.393885896625424,-2.5831493640881615,1.2020410517898326,-4.2706996642852655,-1.3190176262661693,0.05631554664346816,2.1206614863726703,2.4186245077053985,-1.8261805954411154,2.502868731649481,3.2725306446643163,3125.442090197671
0.15004001007774992,-2.5725478755800615,-0.8453414123372257,-3.8095600849558675,-2.429911472603373,1.0316191502166192,0.7620041976918931,-0.019072323888225107,2.3881030916854433,0.9772488828725581,-2.595992834927972,-1.0686439259600375,-4.295539530904599,-0.01238721652804646,-0.521562278391736,3.8156486728014762,0.7539377825470441,3.1273174301944096,-4.859534079246142,-2.736640382841185,-3.787811967918645,-3.734892653657296,1.2265337192825876,1.009305696871579,-2.089238546909123,0.32278171193016314,3.613405651382302,3.2037429408897973,0.3638834424759331,2.4645090278689135,3128.2602974108113
-0.7561823473397385,3.4448961159971603,1.7876458797593104,1.4202537204620538,2.56865690808584,1.3880369062223483,-4.658300040316595,-1.0282693817572164,-1.2072426703227164,-3.5612323044235152,-4.239864045211384,-2.110511294779983,4.9509047825158055,-1.8410047287794076,0.08745706161869077,-2.7912808876900277,2.3925205753190633,-0.44905708543942735,-4.673982933587542,2.3707633538250406,2.0868840705829554,0.27930615296077277,-2.6019685057481845,0.47839304591368914,0.5635701383886386,4.906079883101252,0.8176097165264531,2.6930172297131487,-0.49002990655750467,2.941353488271578,3133.059178312935
-0.323053193123274,-4.785357011626878,3.263907487989641,-3.1714913941460465,-3.1184583127687833,-3.5535634222669614,-5.056495318647737,-0.7758067925249557,0.23566996256917294,1.9635095839025904,-0.4556838550761244,-0.8627005406419302,2.187498172780833,-1.261438800539079,-1.3067998874986522,-3.574290885664957,-3.5163788041107233,-2.990877349682769,2.27618750978296,-0.24330681118871555,0.459024419734661,4.194910962258343,-1.3071558618533834,-0.8057918264708145,2.8976544883498976,4.332613340781848,-2.505784974685721,-2.2649212114426347,3.4698531465094993,-1.5190007285970497,3137.86304431263
-2.319491271697426,4.572839850775638,2.908226132907891,0.011737891399408618,3.9010576609071785,-2.972207098702511,4.855734901280354,1.1339710560433796,-3.126969263297987,-0.3736726231526646,4.0216253652747165,2.081950104334937,-0.24996313829544103,-4.723289725822108,1.4264471272563615,3.64241036159146,-1.2891198806962687,-1.5638377584484249,1.1990479815467827,-0.06641661476477001,0.7169109970954368,-3.143688362150897,-1.2344633996310903,-3.045152158231075,2.360374557191931,-1.3576273263142333,-1.096393202923501,1.6397547676811728,-4.804433941310208,-3.3668678121350197,3142.174701674166
3.201681221406935,-4.839960423519452,2.206459209382059,-2.594026477147713,-1.4323564218781955,3.749735714552829,-4.965239189238497,2.0188663820339134,-0.8054656537086755,0.4520015611639894,-0.9033466835637854,1.618965492782084,-4.514631150580618,2.2246896360860613,-0.837604105414628,-3.0412450812154788,-2.102029568139871,3.61398872084861,3.577966313285376,-2.238082203685476,2.0368272171007424,-0.21491734833986498,-0.1825188996130782,4.298015284386706,2.6558403776696746,2.7117733729972326,-3.1191496491599295,3.6656977082715807,-0.8826378929869094,-0.6880544495548131,3168.642431649151
-1.9154573289872445,-2.6269940183149494,0.15353589954618574,0.5083530877516047,0.39701396396242217,-2.513548862642499,5.0996686362153705,2.8133482999952997,-1.5587924182028075,0.6872513498925366,-3.6193958080922854,-4.7047185195022605,-0.7131300376695404,2.3938097648289567,-0.3520797989603078,-1.3694724063388255,0.3392986258679329,-2.6429336362027485,-3.5420227835093137,-2.486268582851758,0.16443592282979655,-2.128628192368724,-2.1818930317987384,-2.1262555364318896,4.057296831835565,-1.2875848456097245,1.1869793229863397,3.0680718828619327,-5.0731106128882395,-0.4062326264852014,3173.145985195954
-3.617682698984317,-4.264487966441266,1.6847359229891956,-2.7095230544147006,0.2506814115072058,-4.868345782361942,-0.943098312572811,-0.9657988036222684,2.3428685732681576,0.7935192956572144,-2.6494979236301948,-1.8104350332834422,1.7766004967267088,1.71837036530929,0.3432346666108495,0.7077690224425565,2.4529163295122083,-0.7908064447380043,-1.4348572205857568,0.7529809517738111,0.8580506110976334,5.119814903266411,-4.608890630917588,1.638563699152663,0.5750319490387488,-4.546783550692831,-1.7898924118705506,-3.1430306179874696,-1.3613674380263099,3.655482644694182,3180.5814437721942
4.404842515666251,3.1679501646918027,-0.14891725562580183,-4.436207694925308,-2.5092480411460976,3.3523595832707764,-1.6246352120921412,0.8944984780165821,2.698974358816457,-3.314836353961121,-4.422785398672669,3.858748692601845,-2.24432310697796,-2.8044331946918377,-3.05539806013991,1.501228931752149,3.069388190361868,-0.8945801259697328,2.8462613839528665,3.0316269766063315,-3.371805904926194,1.9472114725448644,-0.43275270955784806,-0.11144946718176443,-0.17527309698369162,-3.677048097131233,0.9524958225847449,-4.377460458629571,-0.7401371369414136,-2.9567565861298313,3193.5960113601805
2.411404720784193,-2.8875115366344963,-0.02561687698131698,-2.132722556560843,1.1037555799255072,0.9917444839342735,-1.0577699193348515,2.8458880738401087,-3.7108073221070126,-1.169845940674838,-4.693412775155251,0.07363773843192652,0.21511483779036258,-0.621963299258578,-0.6688775132714482,-2.5959315888864474,0.01246634400835489,4.346146494833207,3.7288258597175785,2.090156931352033,1.150117776990341,0.22501185412112512,4.557105087589587,2.0317402847658075,2.3695013744981326,0.9081119126069248,-2.863908325574875,3.3888337897759913,-2.06501704539587,3.85905138821936,3198.260135651683
0.5117887409632882,-0.0677622513326126,0.7175922988961068,4.7232554409483845,-0.12329274896444797,3.7760650413569925,1.2292500035144096,1.9952123506756,1.8699297270326474,2.673380375964199,-0.3864864528926377,1.1710599399949606,-2.4758589094090007,-3.912980734305936,3.7277873835878568,0.681395954290223,0.24779830257798974,1.2559806684227919,-3.0052648894921354,3.999299991095989,-2.648897820038302,3.15384258043039,-0.1686800686116241,-4.292844570688584,-0.7814702565759255,-0.45407776693233703,-0.4032593017600563,-1.4091320075437865,-3.9997121739143813,4.057999345372999,3218.682053697804
-1.3115721200881054,3.3979434009409,0.8821193033931373,1.5683865563916555,-1.396933684237592,-5.110518885860409,-0.7323010419887978,-1.1587169079442365,1.9813042170918784,-4.592934734562429,0.7533176319784604,2.5177239273476197,-1.1269019383553027,-2.1450293145101798,1.90316869003755,-1.2042006954558406,1.1863045780179848,-1.041212778968771,-2.0465564904768665,4.157703885945503,2.6973699920636083,3.2684352867978017,-3.478373137288869,-4.695561892659606,1.5346778231073674,-2.6784088950902447,0.1360669144306911,-1.6483108955167385,-3.4780790783519007,-2.4573133736179216,3222.927857832377
2.556824321354897,4.851381813856539,-1.2094777590465715,-1.0445055316988605,-3.7180323443211982,2.1136302001776106,-1.2575408797499226,1.9238171196106664,0.43297212963588483,-3.6681052917404093,3.604142693278971,1.804356208171286,-0.14181327801723542,-5.10893616308037,-2.3294157975023273,1.1206773242580153,3.6014521562605646,3.047015581638708,0.8844783916180454,3.5300559642735427,-4.121747091416211,-1.534969853633884,1.9664236339902676,0.2850548730301842,-4.541361752801081,-2.8508258457297995,0.5595443827335068,-3.0084146111636962,-1.4959854598718145,-1.2101876059966277,3233.1284516061028
-3.8518077956061587,-4.08940010008857,4.460609802807946,-4.672846238883385,-3.543890910106253,3.767649044944003,1.8734588789403435,-0.22653276767062358,1.5839861264323434,2.1794601091214143,-2.925234935234868,-1.1289569297817363,1.4109734127976845,-0.4253529926557982,1.5676961825995437,-0.08887154993989965,-0.3324405075192025,2.0485017548195197,1.0187116889358763,3.235552098986947,-3.0417010841652097,1.7333181884235531,-3.2563050278561563,-1.1546215618053353,-2.0034869603198198,-5.094540808392541,2.0992068069827767,-4.284736734988853,-3.3997752473878546,1.3286171434751037,3252.287337237095
-1.3138849790345328,1.76821540688709,4.772897269313731,-2.561189586735788,-4.907042695331925,-0.3544256908354755,-3.4459960107046514,3.5869478038586884,-0.8861285673906956,-0.6209789814218493,1.803008304666283,-0.32859376880788715,4.553126842800696,-1.3516577809014394,0.18561023322389614,-0.7537887329001718,-0.6384527116510554,-1.6826340846561354,0.17265379921349733,-1.7851057512687825,2.7422280945548074,1.5713394274486427,-0.6209193216995742,-1.804076339451671,4.337108029673984,3.5067296139593926,0.035179852730296224,-2.8668893524923105,-3.330953656068497,4.953296425507386,3261.8083300038165
3.988704065691666,0.7757704742691852,-1.5191961186598837,4.664759134517359,2.007814187435099,1.2749950437375972,3.1172009329595554,4.03971554654622,0.29243709482375824,-5.003108720040121,-0.21630991855265647,-2.3990569014239798,0.47135460948545704,0.5667988416467304,-0.5145472560741113,-2.494247172534405,-3.872870660115927,4.198922522105882,3.886699826176566,1.7106020637225547,-4.658627616968752,-5.02218765706822,-1.946294326543944,-1.5222432859396755,0.10830122284931054,1.0583637881997534,-0.0788402825015112,0.7890387347904202,3.5901513129585285,1.1165806764077182,3300.6025948158067
-4.086773533761878,-3.640874799924925,3.154263358013493,-1.0506622666517478,-3.9935579815712328,2.3236258564830328,1.7455511105549895,2.294649093153086,0.9825171027847199,0.3462768118355337,-2.8446590943437204,-0.30562045740495153,-1.6984761902297132,-5.056312355057482,2.305668648842448,0.8321507705214349,-1.6204868163416835,2.9101444204972937,2.614760516965027,-1.9235785187748529,1.7549547783613648,0.11714740713047775,-2.6197496908796376,-4.0324901576351895,-0.1439758157662432,-4.691370238212276,-1.659645765357609,-3.6382218014064076,-3.8750084896123145,-0.8432812008748738,3327.957547753136
-0.23228424330673558,4.22765973614169,3.6482277720931373,4.003230533436271,-1.4738335604823698,1.001400493889384,0.2969115923083643,4.461636871194374,-3.596863443251117,-0.45688007752757476,-3.879103050045331,-2.961647477883799,-4.686221458968876,-3.5377136068146373,-2.840908680629828,0.6462247240193459,3.5347519577543443,0.8919393317346205,2.453380433007978,1.811762136073291,0.03706609263242447,3.9031185178966266,-5.034862469848635,-0.29955147002648497,1.1903980393262144,0.25554102872989226,0.6866540238066091,-2.6489957827709976,3.244193821205362,2.295346741272003,3331.0618442365644
-1.1584113923304904,-0.9470371765139918,3.7569690746336493,1.412257604114691,-0.6702879631583452,-4.6970391914111325,0.9877496619449815,0.33631701749043064,-3.416390272434491,-4.449321546040039,-1.6332039760406611,1.2832470259598105,3.110302958229723,-2.8204232665498252,2.152103403556083,4.628481514075536,-1.775498408489848,3.7922610491351696,3.1679714267343586,-2.3936629419912494,-1.3401387144423675,-2.740304640886834,0.49854683129613697,5.092893192717837,1.3249589255422443,-0.756669769212003,4.06856924806917,-1.7707642867860511,-1.742822776644497,-0.46200402650276295,3334.1569303711403
-3.2229275200863854,-2.7258104884326904,1.1023043116564342,-1.9761748836063902,-4.5430156045653405,0.05831173812674528,-2.7593981591989722,1.9114212006524312,0.6818141107596489,-0.3986121092211935,0.34771863796407043,-0.32776992314599057,-1.7053818606633255,-2.765581201147424,-3.845623504190953,0.5006287245442852,-3.6833580261875545,1.293820183142198,2.8569460743202475,2.5858907311254735,-0.2231643884781227,-0.8500528980417406,-4.86784072707805,0.8247894455381367,3.5052303853476308,4.487978617063624,-1.3795094174346207,-3.4428404618786357,-2.8251480314092317,2.326469659906929,3345.2058246663214
-3.398854614019376,0.12061336613565521,0.5148494731753689,-4.469065083037373,-3.7069373848384926,1.437737776246481,0.15703862516298922,4.262377783652362,3.428798052159525,-0.34242137497639036,1.6345880413540341,-1.6157773624546372,-5.09883456833011,-4.288347900468724,3.0789480300517655,-0.16846613740182648,2.787974814924963,-3.617375688503211,-1.5511313527715362,2.468942888797803,-1.1916455849206204,-1.704235038197469,0.8695952883453123,-3.681844634384013,-1.7162690552479367,-3.2532758421935917,2.725109046345959,1.5538272634020416,-2.535839014658879,3.433198018660185,3353.4556124236797
0.22210201748890424,0.553532035409753,-0.5514688531959094,-2.6042081716473477,-2.7094925472227662,1.313430917706628,1.2981777841802802,2.0608291057805492,-1.4161364757558799,-2.1192815343829228,-2.088499329184571,0.6068366679544616,-1.619842148207712,-0.10960756144915562,-2.2322298743811158,-4.578235728147301,-0.8108515527759629,-3.9515296994393645,-2.22721025887322,4.775650291257148,5.113230044075411,1.5586966096099863,3.120219845848967,-1.7649800478058877,3.2790736684284836,-2.319238308430478,-0.13446293221201389,-3.5232772000765173,-2.393456678083503,-0.6714462253095494,3361.4684445111643
-0.4004772050736673,-0.3607707867486183,-3.248404895119669,-2.362241704998215,-3.2097913917953274,3.9912400374211945,-1.0866746247465275,0.9645020354662994,1.3577252948745904,-3.6484324835765807,-2.2504461848672697,-4.17849324936231,-3.405251309460177,-3.784830614255413,-4.334530552669507,2.958755271255081,4.773437960144449,-1.5382448059061116,1.960465254837349,0.7108130654665032,1.3979903561698432,-2.9990568146167274,-0.48601773005944193,1.42323405415885,1.3202823967189483,-4.242427912078429,-2.9515363000809796,-3.7147782424551616,0.19967536481795253,0.8608975552891175,3367.8783521589794
-3.697837907404536,3.6956413257349157,-1.8370788892153054,2.088570939666481,-1.0120154785810458,3.256840792871999,-4.380365574877827,3.5177065814863466,-2.1568241808285213,-3.23680249008655,1.1854075568854614,1.4258054081661522,-2.4857863431051292,-1.4422407440812535,1.2460005214373155,-2.856429862037329,0.29889679209918935,-0.059841349022219714,3.726496495274695,3.64885494080492,-0.9692308084132006,3.5480823478807095,-0.5835747638598873,4.842470897566702,1.5536665286424083,3.852925448926168,4.741996023021959,-0.64524922347385,1.6819168560748423,-0.2346892889255161,3368.2253746441647
-0.8214110435388576,1.6620230756839036,-2.053823953466896,1.389191701821267,-0.49539592752474126,2.837369763742594,1.4806062706078749,4.497793484024009,1.8266061160740086,3.464744740978267,-2.5477508965075573,1.7479893409738354,-2.9068206091087165,-3.3349810192252134,-1.1871487059759729,2.533071648910756,-2.949625189300927,5.106042930416664,-0.044187488292328325,0.3524712556182613,1.84353399933845,-3.8765315121304575,2.227735182714683,-4.288405841713376,1.7826287635852018,4.826217106966917,-0.21953737858232963,-1.0417560643259298,-1.7422059032942916,-1.8129594112954535,3381.3577677087183
-3.3335632209155994,0.42653280400301763,-3.2319887957493574,0.9315889549438009,-3.1297997513799776,4.122795641455904,3.5931170160997112,-0.5319725300939324,3.8151792671870313,2.556776572059515,-1.3516312383552713,2.1781115762118346,1.3211551333653506,-4.610221028175802,-2.598115304661573,1.412818122952773,2.310672264444255,-0.1867092974745872,3.647682660779798,3.1940522574398607,3.9134042163769047,-1.2562060650111242,3.3000382943348154,4.065345341937161,-2.2915786546604613,-1.4646249333088805,1.6231084725809841,-0.3276943374719683,-3.300058105311553,2.9205849563846056,3401.322298798911
2.254080448460457,-1.865761743956178,-3.7585257333880673,-1.7322504656157227,-1.7043459867057418,3.546504593385436,-1.784488006770308,-3.852967504918565,-1.8377531643840759,3.4098559109739512,-1.1844628573650087,0.6245647976560363,5.118453807639964,-4.199946330506778,-3.9728200531069793,3.9308269812930137,1.3985713400445217,-0.20052789007798022,-2.6678147186335517,3.504164952833387,-1.287146429409239,2.9450331499624873,-1.0640080304497168,3.0798572589901245,5.107779117628858,0.11303753401014371,-2.5645415552637187,1.4609302131828215,-0.6967005301200209,-1.6350240183807823,3414.016448568214
-2.1449159063784724,-3.937637437991013,2.0951422283296925,-4.980420548827145,-4.268502833250479,-4.294310929908246,-1.897759937111709,-3.031345815851452,-5.09378527669161,2.4383729147462936,2.1128953316905816,1.0346721764872455,1.4558181662935916,3.188848571997819,-2.69946672319261,-0.42483512770652754,-3.292009720905126,1.1505663475355488,4.924572582968957,0.1162940570862129,2.976356529506322,2.725305660231716,-2.430273704204599,1.0528704696002091,1.9960547014283025,-0.1704966078971332,-4.425311843030691,-3.049197280114698,-2.67997477402036,1.4360569137049555,3426.0990815096375
0.8143093479085111,3.151926723121766,0.9669818438212734,1.7475049494686539,-1.7464115916545193,4.126326508398463,-4.774669185780288,2.2543644656359243,-1.1890350971675216,-3.528293389604211,3.2168823416005985,2.0606733046622185,-1.9464703036317295,1.1362202914083082,1.9551660333385819,-4.333728315999004,-2.1970482386714925,1.0971580324053414,4.82362743003264,4.216729462106795,-0.5800477574136671,2.1987591206715034,-1.8165062732519495,-1.5467536669437458,3.5967797377133035,3.357347670265257,4.350574205854291,-0.06907321895506413,-0.6791258421098532,-1.4509869110120714,3432.728826660813
-3.764554427766933,2.9394320074742706,-3.608162017770364,-2.4670879874194385,-0.9820024021501466,3.7089105904940465,3.7528269639551994,-1.573826293538816,1.4162584267035436,4.952510625475656,0.1303950402957277,-0.996939004773445,2.1436725045826903,-4.63803172541822,-3.950805658205829,4.285458117414967,1.573531149931821,2.4407508112336576,0.6637448011604662,-2.604621538113378,0.48703295333438223,-1.0971299095909526,-1.0098997944862997,1.665699296132257,-2.979974722008887,-1.6970294221756506,-4.63097125175002,-4.730765894919765,-0.8360196747997677,1.3145997468241624,3454.492051720146
0.4867079517659896,1.9647650684555515,-5.084351308490617,-1.3874594611189377,-0.6004267978131468,-4.14374255556895,4.253868770596577,-5.101733751293701,2.5200438447427134,3.5305265096232,-4.706098051753358,1.8773710162242887,2.8447242215745385,-4.359830640580483,3.2315541989217134,2.6783352829314695,3.342428977617307,3.1483453597197792,-0.49888935174939486,-2.240203307275766,4.4466480469441025,0.6376354805985815,1.7299772468996317,2.9104893025987844,-0.4787122700746407,4.112650464239559,-0.9694536217467956,-2.548778828872679,0.11724976572071805,0.679237425839327,3480.1250869815904
-1.9994597967522023,-1.4469731394183012,-2.201018463679134,-4.751514581098779,-2.5527359809053856,1.2132750087601052,-1.5674609381078777,4.30955751803258,0.06273494891875364,4.05803887040001,-0.3182113668376969,-1.6356257910824508,-1.1845281957717453,0.705529166842297,1.304836847164627,0.9002991297109094,2.6005791330703296,0.2747184803724081,5.10490301295518,-5.080789521897604,1.485304002451892,-1.744650343904522,3.003074348871114,-0.37743774782793055,3.1202256258283834,3.1945155143474793,-3.5283759236695538,-4.01652436177284,1.2939461207710115,-1.9212098557749342,3489.6117117051745
4.682566922368579,5.091549655326764,-0.943355395812123,5.052554597769963,2.9328776943425394,-1.165455458779676,3.8942639782792203,0.058545461771498775,-5.076726358502033,-3.1063166183799447,-2.8818994775546134,-4.2311042949934965,2.1407817053416576,-1.139302549156667,-1.7134092468656437,1.7131856906654275,-2.911888689673535,0.3802984926341417,2.219775430221312,-1.0978262886683674,-0.4900522608344545,-1.6418422060029536,-3.281596544887405,-4.88707781142714,3.3268435760085335,3.4526048927456654,-2.9668108832039692,3.062238278040099,1.372504154356494,-1.4770418425469685,3495.9188073135074
3.604777802575747,3.7627005270412797,-0.402406298984183,-3.421024732607411,-3.8844229610449146,1.8097439946083105,-2.64856486150394,0.5327828583651959,1.9396746192592778,-4.55976226765227,-3.718996754158003,2.7983635899380115,-1.4790903524031642,-4.088808084574312,-4.215253768685868,-0.6601531499552291,4.953293131092966,1.092863530780832,1.007422277212178,2.8243577985466617,-1.6669661382021996,-0.7729089635333755,-0.24942629674884878,0.17186527374740646,-0.1820753092143882,-2.258080849212814,1.2177364640502,-4.080435706015364,-2.2067616141882715,-5.112844067702167,3515.1124990105927
0.9886925006755488,2.1223281281279105,-4.941296038945006,1.8349895990528335,-3.443221754002835,1.7810906812598604,-2.2517397698626667,-0.5816544537179471,4.525212669340471,1.4092235181380905,0.35630657493846085,0.9779875413933343,0.5926881606684384,-3.055299476061598,-4.919723369698088,1.6629096044663614,0.5170103562524974,2.6595094054073627,0.2684060536968205,1.312223184339737,-4.359002697058425,-2.0705438280757096,3.496865337742641,3.3165439323851933,-4.025141229285269,-2.2501377469593358,1.989293506999619,-1.308185080176142,-1.927739056602018,4.310287031280687,3535.61105946704
4.063301484295831,2.6189727479695795,-1.8879896884461962,-0.03072140061366417,-2.710818987316811,2.2274975510667736,-0.03154499222859064,1.377367487813641,5.001189566621762,-4.785518453159669,-2.9695691472079058,1.5824552799381555,-2.696263499990779,-0.9540349134482669,-3.7523175462992464,2.2079135372710668,3.282253235835457,1.4124238226432926,1.4600531011484148,3.6580800585182356,-4.981601413006618,-0.20726354627095045,2.4750001253489153,-1.9047175845924347,0.5718539968507881,-2.4970520650062715,0.025237588349490137,-5.1152554436155775,-1.8400956778438884,-2.3353579068737274,3542.239229604734
1.684833392682452,-1.388270512038475,-3.861815307012638,1.7242313736084944,4.4652583901261265,5.076078289569608,0.1097810065041751,0.6339515285027097,-2.395920173598061,-3.9065503802199535,-2.5353228412646542,-3.814448975926939,-3.070684947373286,5.091977653004173,-4.803447693512077,0.18606603495072557,-0.9792363151888278,1.7420389936982077,0.773538086579076,-1.1483458960728143,-2.340626644511963,4.39290296706498,1.018015900852246,0.7363868221421463,1.1498778672722179,-5.08854052353826,-1.1168909843854187,3.7744914561912415,-0.09126192806183919,-2.2431394859729714,3577.9021851498114
0.3517002052850706,-4.998994905949143,-4.056472840103954,0.3601091853511321,-4.320097103235014,4.695256736161824,0.40562299197521634,-4.344105995835394,3.2559714715550307,2.1266766719415204,-1.2006277269241736,-0.6157293236252068,0.9739018447714999,-2.2341166614607526,-3.9675809844535337,4.610274233344475,3.129621372512862,-3.1856337125903993,-1.9656831266503207,4.599241533930079,2.5383367418656797,2.298121248187655,4.335114028942548,3.6592931167970364,-0.7266629827937915,-3.5321413645591186,0.3947350761376063,-0.9254259783099031,0.382630810666438,-1.4658799719700724,3582.3861111662545
4.396248516543286,1.7304835026744823,1.0287378521632358,-0.10306264867020687,1.6626650748770961,2.95690249399827,2.239840091587037,4.877250332065001,0.8062372981354251,-0.7556182559113884,-2.334159853322368,-4.20358648682535,-2.7257405252695452,-0.6054757403360915,-2.0643666634643045,0.5533607876407125,0.11584475653711362,4.996654556432144,-1.7365770435700196,-0.14097806066016821,-1.7602504687927367,3.432924126668314,-3.0482204861449578,-3.4526669185996766,4.014594370289136,0.017675775831845986,1.4575234048983927,3.729348998679601,3.8466656462227533,2.7460156646493656,3610.8195151587934
-2.4560660514525607,-2.559265196261324,2.1926812126292106,2.762517504491091,4.154189771530602,0.36740235140331,4.808512100384961,5.093697614226596,-0.34962844681199434,0.20522331167953567,-1.0801336026643678,2.5178347413866606,-1.8346584957060037,4.234205829023176,-2.76956899058971,3.0046071718597775,-1.6275693881805289,2.61804294559691,-1.4593408416492837,0.7785226414373738,-0.882203553972631,0.5758671909740066,-1.1773875359587889,-0.5683150517302491,1.6510226182461538,-1.9558564123990574,-5.043615116633143,4.99195672653881,2.7547181611903317,3.6143317077489905,3613.701372233939
-2.7022579042590715,-0.08869222786624587,-0.09871425765843678,-0.5475927480241874,-2.88051663282969,0.45614073464184113,2.522023389493777,3.032690106033645,4.028261302864516,-0.5381472421035339,-1.903583308813355,0.46553161639412877,-3.838072358653613,-3.5460661021143074,3.5346588822483067,4.121345986672461,2.4362110963233086,-1.8215407347934303,-1.0123689239425042,4.566904249611698,3.334653929417235,-2.5780337283219503,2.9758143210755215,-1.9949373854340284,-2.84459042215369,-0.7046669428811958,1.3526393144822446,2.057965741004777,2.9501110356063887,4.155179357310149,3617.2009962852617
3.3233955987586934,-0.36915684997595477,2.2131240774768233,-0.9669299770252655,4.063448216544185,0.881398711388931,1.589825057607858,3.646816331796916,-0.824104229073507,-3.7875597052882797,0.27622464826545556,-3.5980685973122264,-3.31506253597127,0.8883183288653301,-1.4934251524164925,-5.06043055001969,-0.13749145954297862,3.589897328997127,4.047514806028422,-3.2967198779250446,-2.0871871531727773,-1.8064967135570036,-0.8869030722550961,-3.6132798581899586,2.560156712506043,-1.0838284889521956,-2.0439898164945225,2.232368509002141,3.4583439270145413,3.7849604755570834,3622.9129891361667
-0.7841103867249805,3.5949727744089213,-0.7892268703756473,4.417299680634856,-1.1906880624368759,-1.2457053028867877,1.7185405140800192,2.8363108615521226,-5.026330497415494,-2.3889166663109025,-2.9845644837593235,-2.772355353042686,2.598115505175257,-1.5203735146787976,4.688566393356547,1.9942767505925287,-3.1152639815850445,-2.4672927481645517,1.7048880656753134,-1.1093612229337155,-3.8452982515305534,-1.3395792546189254,-3.5772508242747776,-4.961176954383217,3.982839930459534,2.4894497662961395,-2.9524824271733996,0.3143778668154304,-0.6823211446523105,-1.1821760641727685,3636.6576494571696
0.27588158419663633,-3.4497108362524083,2.336847432271141,-3.280627555151009,-5.114233087813153,-3.700881090899053,-2.825839980715494,-0.9997409331087869,-4.313690667412208,-0.9662532414839407,1.066699159460914,-1.375438774825165,2.7591652979298322,-0.8191507648883861,-3.029563090888769,1.3484638373386313,-1.4970842686870418,0.0958915394811864,-3.9465573255144575,-2.488131911549236,0.26329557545384213,4.634113522862808,1.1741946802786525,1.7886776940062297,2.246974764888195,5.096134662431236,-3.7640510216400225,-0.31242285372140266,4.046632631146373,1.7716582609573381,3643.505354867712
-2.0180528530359423,3.7785897131872215,-4.591759918071514,-3.578966316884552,0.5141931408800893,-0.8887580334960603,2.496239681920535,-2.2611819088080116,2.9043983315910036,3.8305138837423653,-3.2152339189472023,1.730030296249343,4.772650793164518,-2.7473553194753864,-2.4110690539048716,2.4923111970274623,2.851152499447323,-2.1053063354423456,1.2853721750495501,-2.9124635726812924,1.267117754035719,-4.611318954136874,-1.6633124638788326,1.9435852983735993,-4.500934109096302,3.364339314505476,-0.2705351066762192,2.781812518625696,-2.959487846959515,-2.0311964817393315,3670.365165745809
0.7452074117763434,-1.9630961738818566,-2.4350366200746087,1.0684429999424871,3.2825879166931538,-2.673935036298527,-3.8634015725397504,1.4421900866586919,-2.808246744337838,-1.8127081422022413,-1.5674940202150176,-0.4785629953714228,-0.5243602733147465,-0.23325256726229426,-3.79446161102513,-2.0327864813703163,-2.4266217287852876,4.701552005864497,0.25350165147277703,4.365537514532353,0.8486675116395199,-4.131139708292571,-1.4274327797482638,-1.8200444048714544,-0.331355612539177,4.370869022733426,-4.16960317605552,1.7937201837366503,-3.7850381069028325,2.2292185134216673,3689.3739007824797
4.482570256648227,-1.5503827188590442,2.0210145915746693,-0.7232189614612292,-3.283033326169847,-0.5866276221312655,-3.915151296716858,-0.8689443253502245,2.1096369285094427,-5.111746557785001,-4.285691753833699,-0.48939113250081345,1.9680180050823324,5.106825320603449,-2.6086098374302993,3.161923983233277,0.8928732441066305,-1.2233191193986124,-0.37426361842555655,-0.914797939553613,-0.31558707054052126,-2.2453776883963354,4.701678630926814,1.7321744073692864,-1.42900742109029,-1.062236090045276,-1.3961453599164,-4.518096047374135,-4.206998419776719,3.988181138522168,3840.673892462952
1.4732258645998606,3.185476772053004,-2.9289734037970105,1.230915895983266,2.3463762675832878,0.7129423370952259,4.495931741698758,-2.808655566019066,0.4602524463627533,4.258618620561182,-1.754418422237855,-2.7043121253514095,1.8853547264026198,-2.010530500816331,-4.50781468244513,3.3148851189705097,-0.68938640648266,4.055291362689404,1.9755764457362792,-4.595899631455042,-0.4460932018456303,1.5709816702591952,2.2694917850100764,3.718102320047393,0.3156217112807589,1.8048858049318355,1.1021465171370832,-2.8825336053157504,-4.4269528139364125,-3.8041104613786594,3842.2791796898277
-4.217825205163841,2.8595276484290535,4.967031608494262,2.5316482791364754,0.5103057845659809,-0.14775678282099936,-2.26678598704726,-1.5295144850408882,4.954805946486779,-1.4710610634089964,0.6868236849437783,-1.5320064611236432,3.2595526759713773,-2.038295062301709,-1.650179043369662,-2.048808879176109,1.8680329492843382,2.21496039257947,0.4817294613953591,-0.7864513742274702,-5.064691052521788,0.8252449271810602,-4.084339304199219,4.225363925728307,-3.8854781072545537,2.5564695480651727,-0.844191726284579,5.085425882119146,1.9630994788420089,2.266799883067515,3857.010781835255
-3.156395880202151,3.4622657901932894,1.5729577270987023,2.0453451184085814,2.3234256583417996,-2.202955433877028,-5.038845074907342,-3.108370878294757,-4.107540464384863,0.3460317352303205,-5.088948663301802,-5.063674984165249,4.949167400071441,-5.0388184319630325,-0.8829408525204991,-4.595038607026156,-0.5038741456871545,0.5897983516982569,-0.6038684309165798,2.6159520823894193,2.119488364217728,4.840574248826155,2.6123085750939135,1.5748099932579622,0.6750640944266818,4.634866047932927,-1.69737108286039,-0.700744493540352,1.4927467973744075,0.981809255143046,3873.90929429796
-0.3653842986974517,-3.2368647643262616,-0.3646063825443493,5.1125480228158,3.5536866716939812,-1.8733521434151899,3.2863118528321396,3.3274709725571427,-1.7228674792983367,-2.3496008800694037,1.283488052795581,-1.2565574754997284,-5.078019966787251,2.330363916753868,-0.8044548093010045,-0.9668224104452985,-1.0465626175138587,1.7562195123523927,1.0822616896541182,-1.6959681238477036,-3.0462534421932097,4.151501416680997,-2.0153190733328628,-2.1736550580076983,4.505369459828716,-2.183311526702574,0.1487767452030715,3.6161440898553727,2.890718221954172,5.064194641039201,3873.9364298859377
3.14900156095744,3.9919706577572347,-2.087388094650966,0.5950556806197995,-1.501894567915804,0.8485888430840873,-1.90691398829685,-0.002902916996784577,-0.9095929055614369,-3.1722845772222286,-4.017648769067314,3.0912456348963016,-1.6534713091633524,-3.518582161474105,-1.4038918722210547,1.723095059264644,4.601154623563836,4.795340680759364,1.8218180791842602,2.481304129754153,-3.6326531258467787,1.4162772361132492,2.9761607182438934,-0.5389312897634563,-3.6865922192538765,0.45912163284355345,-2.3231083858636477,-2.7437018262439192,-3.730905692576301,-4.215254403858025,3913.9996501621245
-1.810165324265984,-1.0704251582315152,1.7645798239791644,-2.5155789800327253,-3.4498972252643356,3.367929619206162,-4.102630593228258,1.8508286698270113,4.857039217487645,-0.0753171249023934,-0.690804337753419,-3.7309746171620324,-3.541552877475994,-1.5718647928960712,1.342985430088569,4.796733198933774,2.048838432871235,3.8699865434792216,-2.52861054080745,4.814966932147264,-0.9015551238738462,-2.3102029735583587,4.83771559584914,-1.5378752889876686,-4.116594138259455,2.615010676342675,0.3135505146891493,1.7237952146970694,-0.32928609725916336,3.070113738466323,3919.369849054798
-3.6627980753839546,-1.2424377897457162,-0.6204692320036195,-4.882186456260513,-4.636555481094922,3.1134271570142014,0.4664033407027535,4.631193011685085,4.673282230783212,1.5660571975638653,-0.3286570592486733,-0.7928399403045278,-4.846689008385837,1.5542973030847156,4.606273543730112,3.6088070991054897,-0.19742982575110513,2.1849437403467418,-1.7618440224781615,0.9279705691112122,-0.05606270126399626,-4.3491867963663795,3.7776647852097405,-2.3515597693776598,-4.831787871005683,4.563362674114653,-1.0810844055927462,0.2873175886128774,-1.1506246036304448,2.1235015605936556,3919.9765924644375
2.21511805434141,2.8644093047597856,-4.3419812644245575,-1.2558335870018764,-2.157327710000935,2.5983333948638583,5.112788085069044,-1.2325086635230553,3.5071987696248943,0.9569199772716626,-2.71534452137622,3.2103723573363356,3.700407220380467,-4.8551397930870115,4.17285827248809,2.154751451054081,2.165656984247108,1.079630991193281,4.571815948872097,-3.4628179755259687,-1.1042223309362305,-2.7808191751683933,-2.7784445168692864,2.765153056610253,2.153441498465128,-2.743565492973012,-1.4086960676661104,4.683885403616079,-0.3246108553119771,2.454072911331255,3968.929681781474
-3.073330053030957,-4.919348247184716,1.8348127402107408,-4.756851086652473,-2.5671947504402586,-1.3647428019870373,0.06707943439074915,0.5326392211443378,-2.8332336304116073,0.5610532019724106,2.0629586996570137,0.3762865861426352,-0.7614904365655831,-2.997469996339233,-2.245602744690707,1.4704360983075844,0.4313302821574877,4.692451066395654,1.14962728444416,2.0303587768838978,4.868346298996108,3.366869572670384,1.1842202075401387,4.075785167046416,2.922758840564643,-4.212857710242748,-4.769946940236273,-2.923936040119284,-2.944613075530064,-0.33318949807513043,4040.959621439159
-4.789187935601034,0.2591676339627744,2.210274689566039,3.1539773254398638,1.56262972538397,1.5052656589537943,3.3497860989757404,-0.7987439708577533,4.818113392909594,4.215316736573054,-0.30763813026153564,4.553519274520032,1.6974113511071964,-4.07905634548765,-0.39886649799397933,-1.3861594494281873,-4.352764664956003,-0.8219291349069779,5.06364705205601,-4.905379397299294,-0.7339687675546891,1.0525570119240761,0.05670209134751314,-2.5322542522281095,-0.37740702565637907,-3.13268657952751,1.7387087964423982,4.123787550316499,3.962080469673178,-2.75038738896361,4117.986256015578
2.907363623898518,0.7598495438014545,-2.6851910920971154,-1.7854675859212485,-0.8457999197736157,4.947370498077287,-2.533882433686161,-1.8912921439165702,-0.22313218127534018,-3.9767693284216774,1.865797626128038,1.333314914647199,1.5851066491592447,1.3185460162436389,-5.010651375556145,0.518031898156287,4.506083309671945,1.8052254962173382,4.873246316721526,-0.20261927122758738,-3.2455359627195612,-1.437400116668071,-0.8855579963590705,-3.2586771292684684,-0.4576883892251972,1.9002881632273314,-4.2452132212117695,-4.182679597905867,2.7126146130217137,-4.186085577405276,4134.195941226674
2.6999602023125413,-0.46727522306645375,2.8616779836255817,-3.4595793175754217,4.627662035931465,4.523383213047435,0.8057415391551399,2.2781815177128593,-2.8906463989907767,1.903108620630014,-0.6614831890898683,0.39274859928080286,-3.6609609883394953,1.5563126149740811,1.423382754113089,1.1152234089033626,0.9806702477001069,2.3380007250212484,-3.9300805157987218,-0.35930747477238956,-4.01779543874406,-0.4316247016892861,4.4358469522128745,-0.31949481286930076,5.111751383666718,3.6045862072683588,-3.473580729425682,2.5472826479304747,4.637336285688121,1.6352424935203953,4143.882740026473
-1.6991038111503576,-0.00032385907776788514,3.2077292577440177,-2.839671898133827,0.80881709337869,0.9012091587348126,2.7113439187781054,4.549981755583196,1.208654103497416,-1.0516421929132571,-4.829542201955451,3.5847548884810765,3.9427721793113486,1.9472937983297811,1.9562182764491824,0.82214492305018,-2.0373435800672017,-4.202368393796635,3.3990008228397963,-4.351555918567471,-1.9813325557984194,0.294470847401092,-3.7519828333491785,-0.26722942792589155,0.8245596468463949,-3.915323488742305,3.967038862930994,0.2732186154460452,3.967455597158307,-3.6715447335897213,4149.581778430964
-4.596921191925274,2.7621436377309907,4.303831033417745,-2.974697958995989,1.7974948567711602,5.093237942347584,5.117254777426003,-1.7919854317235275,0.6335367214601231,-4.371099618379817,-4.190087870301664,-3.8989882390151216,0.6067323011196128,0.7299977026430131,0.8783276677946779,3.1110641448004523,-0.3818829371745096,2.1189749882798266,-1.7831336782006395,-3.03025136593011,-2.286780563102358,-4.246833294812688,-4.469792134513105,3.342949428689903,-1.8531474051455428,-1.8749343734112314,-4.646600514661515,-4.40600627134026,0.08581074711400749,1.5489629270061531,4194.701979466462
-2.8325649982412835,2.3208728089957535,3.772071240137444,4.383813049373511,-2.5209428954629387,2.125554382964446,-0.37913433442701816,0.7934601240552959,-0.8315848585764085,-1.934011923510171,-3.970187074921704,-1.9257212633303376,1.1545393563331465,-3.487713147294567,-3.456579881680727,-5.019022081531686,4.860603087643453,1.3593335292314372,-4.039111779828315,-1.6974203877857192,-3.6663605996024358,4.770496598450068,-4.783206902830286,2.3834635702739995,-1.4629909296871726,0.6091548877893738,-0.5862499373177587,1.0035464198593234,3.0707020917741015,3.3794206249851486,4199.392269946224
0.9924894432440761,0.8205565448262,0.02845149165491545,-5.045889722974839,0.9430255950693915,4.277449956974556,-1.7236068606309165,-0.9671855445929785,-1.8831685789073767,3.766552276104705,-1.555099193314736,1.436327846502512,-2.5329599416304984,3.2543977099945574,-4.419673658110076,4.582894105486935,-4.398443066577526,-3.50293111949632,1.0405244942849041,1.1737205927554353,-4.612848707401249,1.367799378499332,1.7731029929994522,-1.2100459511483335,-2.736179743635,-1.5545562185222082,-4.0833367764465525,-0.299714694312331,-4.166066344876917,-3.965472516539163,4203.674397050554
1.8693090793985832,-1.76957126269141,-4.546179198862172,3.155586663479764,3.0634476145938168,3.5536859231817965,2.7015780560111615,-2.3058475706190267,-2.2175839792791807,-1.2306054427445554,-1.5565311838333096,4.142794341239347,0.009392418337677455,0.9047027048444622,-2.338017963428654,-4.038697915250234,0.5219748231655306,3.0080309900412248,-2.4157104734423718,-2.1744039024974837,3.208197681904333,1.3982118186589663,1.085270353792513,3.0253463135848415,1.9992861014939933,-2.545530132510363,3.6526951697518717,4.453119973620775,4.127563978322988,4.795356842498804,4221.0155855115045
-0.6992613996603283,-3.2028958363604514,1.2331818140517152,-0.8333229092273404,-0.4644629646838361,-5.115330964146995,1.272028689106542,4.1396050232393495,3.8675870725957653,-0.14535707354281202,-1.9632810578596658,-3.112992335375443,4.367647414019146,1.404473611581492,-1.9639966835099254,3.9054531563565043,-2.557754216415689,3.4745857347961815,1.653327180396904,3.454266191303571,-0.9060006739424136,-3.1140614671624305,1.7073223705569125,0.05958989914377166,4.787165202306485,-0.08592536020319996,-3.6384537054556,-0.11834973746330418,5.03527631862524,3.977995332845664,4263.625413244622
-3.9670855698412573,-4.681139829370202,1.2662624222094543,-4.89467983606706,-3.913482899575462,-3.607355278772803,-2.8193907784888075,1.4055879054140181,0.00680248098056957,-0.9112034168860328,5.110096116696286,3.830173824155014,-0.4332968604253118,-4.0958627054452235,2.2568343236645907,4.943323235707033,0.7323172576786465,4.682922751946145,-1.2905297576122146,-4.420424001892587,2.1326713756463134,-2.4147841795639478,3.787459965205376,4.069194681419938,1.808659820469849,1.6002112459992466,-1.3753307183829429,1.3661063642599744,0.36732729521363794,-4.840547744737948,4298.544024363508
-1.5556180285312955,1.2504389880002749,1.3270448875002896,-3.899762148458157,-5.0917422776790575,-1.0723235192055696,-0.6715999784609635,3.410023242699648,-0.7323759807270467,-1.6852789859759598,-2.3955731158753264,5.0002834111323775,-2.634700743570744,0.44915917462262067,0.44606629550149113,-2.920257305834865,0.31485230519554275,-5.110985145577307,-2.6851926773240606,2.967693050998843,2.2876168960691525,-0.5908412585022168,3.81342274015978,-3.267145181858526,4.338565704437582,-4.109231786369653,0.960448021151133,-3.8361484188707715,-4.341846765211064,0.5533629004032302,4328.961943310439
0.05701813479855966,-0.17002712477164827,-3.43538829877115,-4.2584435995162675,-2.8741397183602753,4.363944222722222,-3.965652236732777,2.158161871978553,0.934923788717975,-2.792897898964313,1.4337939090972744,2.977314498980922,-0.6094356268430164,-4.7898456867570305,0.6734944850416196,3.7105263457485935,3.768623950585048,1.0923873389561236,-2.033465975674496,4.486750459814768,3.2902816131743,4.539237159035466,1.6262687416230497,0.7063229777616592,4.5222590007331975,-1.7978541713495912,-0.3718852103531275,-1.1903293140824813,-5.020975602773286,-3.082560899115532,4331.324687853491
-4.217076471230101,0.39868028487270735,0.6577051771552427,-2.4557163371772353,-4.286060333727927,2.7425908431525166,-0.5348995597968802,3.6284363464046203,4.598197464105553,-4.036448771894921,5.11506119632689,3.4460125624815836,-2.9851684645287713,-2.5730871346629716,2.493317936145035,-0.9505092903457126,3.550436288354277,-4.747718709002576,-1.4983860628468568,-0.45618635574226124,-0.6747269619034839,1.7095597803286369,-1.4547530722576287,1.1511051010100974,3.742488663297099,-3.9270999191008396,-0.70408732278944,-3.7604904203656395,-3.2364017056894894,-4.7118109431045685,4339.04023621972
-0.5752926372774572,2.7133675045322128,1.4157892675939294,-3.269056417543388,-0.5287981004837903,4.594557798307732,-3.474777096383476,-5.041243774640602,-4.016472293313239,-2.4744241813890233,-2.472706449785284,-4.687596965934018,3.470365290818426,-3.1451886017760375,4.2390803348663395,1.3154591204500117,-1.0941866316109734,4.120426635432005,3.9812697187038424,4.417741268206716,-2.446961740316302,-1.9139297121513816,-1.888539247993316,3.9788823798001243,2.096443547846675,-3.3938280130493417,-1.2609127830873184,-3.378854108934335,-3.153341625510136,-1.3062811224260966,4406.606304664461
-0.8717432566523378,-1.4253599748820318,0.053484775261334994,-2.1919587218319196,-4.875801634531362,0.00512740206404505,0.49621864335047194,4.235333196664291,-1.0851780156479522,-1.3389563490712875,0.009156919636317623,4.279755928765749,-3.3374504956585778,-1.2520733646828315,-0.7135395271437281,-4.542062749844399,-0.44986284661289844,-2.682174156992471,-4.1569163243679546,4.936388982866955,2.471101097312234,0.1932327532617415,0.7665600750949136,-4.376463273480531,3.6468974994991434,-4.949157659336604,0.7245686223289673,-4.87987324083159,-2.5377285960098535,-0.19149658049911059,4429.954364387838
2.9611072515163874,-4.478296248591445,-2.292950493549304,2.3842353396401776,4.76383200815421,-3.7912833873084595,-1.2965680581917787,3.6452270951611707,2.757736025390483,-4.444502421016183,3.9054352895867437,-0.6934543364151899,-1.7855026125760731,-4.402170484238365,2.6068050889978807,3.8503521060440695,2.8622667646659474,4.359861760262942,-2.434135393648837,-3.68573211199644,4.710443035288351,-0.880244020514505,0.08631067665240799,0.1418601133743449,-0.350579064076852,0.6263389639532795,-2.19932585764153,-3.8505762683872033,5.038831120816337,3.1177611659462086,4432.87920062672
-0.3806137525538986,0.046329060916763254,2.621723372450486,-1.8854797743711393,-4.131867340239822,-0.2460128081665136,-3.7210270511087318,1.1632489289840033,-0.3740015928590905,0.9206384892671844,-1.0053242624334904,1.5918713454260287,-3.080240802423602,-1.9421703659389757,2.2862088452018283,-2.200025166870242,1.7335520202945096,-2.9314438833616645,-5.070046210202394,4.010294621305227,2.923390586865599,0.47842400143644065,-2.4518324900981057,-2.902137398755999,4.896564180833841,-3.6223395194669594,2.307075234609886,-4.557360697318048,-4.714768125263831,-1.3179080647747403,4515.0136222525525
-2.5346489312792047,4.002734065023338,-0.4590542609703081,0.8661295632700989,1.9396672042464806,2.183546405452665,-0.885188012799651,1.9211305630778572,-2.427115016937768,-3.5091026329030037,2.760059815799555,0.9843251601505556,3.623109292517597,0.29300557016784445,1.6317254292093355,-2.264558367499793,-5.030464742350789,1.9733053142966777,2.7154104258218092,5.076952787012059,-4.953758224094741,-2.385097449904278,-3.0924347657758156,3.8136781400713633,2.8405900478184436,1.0060247056935876,0.4440999603388247,4.041896357910483,1.8665050118424185,5.054611041659331,4613.6407666276245
-1.9661839111588426,-2.6327898643504932,0.4577165773970284,3.175934918604498,1.1445037813412604,0.37779349739521084,3.91033182955461,2.7586330713304736,0.7023253651042571,3.122530745935186,-0.8221790426270594,-0.06240233094284697,3.976119200064397,2.8248129974021445,-1.0096539301832026,0.005253853354816762,5.089462364297494,1.7426487823310177,-2.989417587255797,0.9717903809552251,1.2344185601640634,3.6733797638694474,0.9521342295303432,5.073218841636456,-4.700334014936621,-3.0376281147780935,-5.06711665340827,4.57421624313442,2.442433077443167,1.4602757226345462,4635.388392976981
0.2138664666983887,-1.1406274101132259,2.441823610175148,-1.6698310587520009,4.454059448118687,-4.546286082879013,-0.3172142932660851,-3.860837433110971,1.0354627740943814,1.5889669145367886,0.5424714934028865,2.3403201014641777,4.470958882755233,-2.5545468666353055,-2.413121059492769,-1.7376616574736365,-5.083711078879351,2.296887568171999,4.893799231245462,3.4942052270042128,-2.064669961972894,-2.33887830198173,-0.6630279118982854,-2.637980528627711,4.958932999828394,-4.472676890644412,0.14065382910360213,3.6685514962699886,3.1108910330728365,-3.275121088291527,4700.831492558905
1.233810815554679,4.236284203842431,-2.0003671958650764,3.318580917468549,-3.6970798853044062,0.07571961928592508,-1.5696795387575206,4.470491690743665,-3.8948856458948535,-4.092411772101983,1.9187051852909045,-1.8625707207908921,4.45395846429103,-2.8747869969801263,0.2166288784981507,-3.1625205092279343,1.539542418183986,3.9536269389865337,4.177820056567746,1.4429596188859328,-4.691515633834489,2.2285477769789086,-0.04933599892224816,-2.905666408135934,3.0573855308951616,-4.839229023374725,5.009013433290899,-2.1362855110847203,-3.382653060316329,-0.10587726228578997,4708.4686383388935
-2.3648924717039006,1.7065831984669284,0.8000160902015612,-0.7148085581162764,0.9111636552460967,2.388558945553765,4.831794533243012,-4.771136119989422,-1.2369958042793372,5.094139504072381,0.8507946729688225,-0.46522312541120847,3.4772375562326916,1.9186068690040123,-4.88320190699063,-0.33946001390384684,1.203738305154629,-4.792653972244405,-5.050690636802155,-2.8541058960909664,4.842307797312752,-0.5713835825458666,-2.359927412121947,1.5700183150697944,-2.8447099211340037,2.065593958247489,-4.271017931910658,4.390439630572705,-2.529825293095504,-2.5833192882141818,4755.203327549381
0.743684157853556,-0.42978695324180194,2.9292497727591043,3.757180035478429,1.3460675675260192,0.08575632506414066,1.9524069846198386,1.6025464229373352,-3.430251537147342,-5.066400536726378,-1.13181300055048,0.5490909067781726,-4.240377919647119,-2.407525100232002,-3.6461377413900005,-0.35059597292621003,-0.27296412990315844,5.068132547797939,4.66184967152474,-3.3133517466139923,1.3585031071923044,-0.4167599334890819,0.5182394470409835,-3.0819273160039495,3.730761318604388,2.0924798509887066,4.53580880872633,2.0847275105939898,4.484463313532726,4.593517101733712,4764.045429890757
0.2991920028669286,-0.9230360563551292,4.665016581071613,-4.421065491844444,3.9385373350921453,2.7923731175141056,0.5996111905976083,-2.1430501749920268,3.291674875044868,-2.7919798784658885,2.2185267918944565,-0.2385645603866866,0.2025246535621532,3.7090321516815115,-2.3633588694744345,2.36820401614073,-4.656100652247384,-4.345310105026208,-0.3086202505620168,-4.004405894683879,-3.638326816714546,-3.795772515167889,-2.468090203004704,1.2716449461326569,-5.014962036129714,-3.2979217639253218,0.7045683403168121,2.1858687531130787,4.146775154541134,4.296362002733022,4821.7664118590055
3.7502967170607695,4.816754086822635,-2.9253360759340516,-0.474759092321837,-1.4672888039958658,-3.3215072650704416,4.807223707503112,-3.813982353753279,4.270078728203455,4.600962262958399,1.6125979746624897,-2.296216541820275,2.5460897328322822,-4.211706518326706,-4.72476027896275,3.440857872482243,2.6132874559643295,4.530537952160766,3.393822389094231,-3.923332389926444,2.8337392263157746,-0.1757119964180084,0.3040064804031073,4.737903211220475,-2.167172464007648,-3.4196089533032223,3.3774740803615186,-3.541164468816894,-2.785032388298312,-1.0253784330905804,4826.180692077183
1.4621561636493468,-3.6454622688946463,3.0268068869196787,-4.184572390240037,-2.1109697247475525,-0.9209579737193385,2.421697731964331,-4.07340454116588,0.12943713586750238,-4.77982093988137,2.5313676877448374,-0.6833797111210762,0.8398137540247035,-2.3688500901894316,3.4341520296067225,2.6726533698039168,-1.1410580271616606,-3.59580672495282,5.093093759023051,3.8427062208800153,3.535861096888909,-4.017714801745424,-1.6862685040021814,-3.8947784088001995,4.715074423867573,0.9486325104039119,2.9319204982047298,-2.5007037673917365,2.545660771792848,-4.4640152046019885,4873.367400346635
-2.1970433655253068,1.5055978930657838,4.4499162105896,-0.03224632739188227,-4.006111176311698,-4.453694391123074,-3.554001893647485,-4.699190415760649,-0.05139201251012793,-4.584417270620783,-0.9344930838494507,-0.6646330684003683,-0.34772843077704163,3.440429889776346,-3.398293511736143,-0.5422409282314469,2.5206780558178243,-5.0716609091646845,0.4984773598842711,-2.9113762310137257,-2.8185625111394303,-3.1024210772846423,-4.7386648358858805,3.3094287658494563,-3.5954497490361153,4.029988191459327,3.435909447191242,-3.37778588743587,0.35341678579260716,4.405316262743761,4976.04682247209
2.072721206857218,2.3812320512549796,-3.210306846517724,3.7807866643572643,2.0465448620055584,-2.9992513409892467,-3.278253692251914,-4.071377231685061,1.9723688912068704,0.6802381567524138,-3.2849969075443393,3.280513379571569,-4.191139392151074,-0.05271311713614857,2.7209012967699913,1.3294229797405785,-3.789006333930497,2.7448980068385254,-1.9396375999450766,4.68945737870363,3.4180403327746403,-0.005380216943163596,-1.6914823887708428,-1.120573457085825,-4.997060951122716,-3.8825809744407627,1.9477921237162992,-4.78918978707605,4.913896708939293,-4.861465843272164,5444.071769811021
1.856283352788001,1.3650368646000246,-1.633212705167069,-2.2293267394828913,-3.5128090858405883,1.1518107068816235,1.0583312733063566,-3.3569746860293765,0.8994125776206485,0.5196637553430066,0.9064451628389045,0.12145816338457083,0.13536848927236944,-1.6029681572434145,-5.079201312921018,4.135732534616169,5.102888234408905,4.901061590068947,-4.816578498850147,4.189480936104447,1.6822048637163582,0.3234046100855456,5.038081913170832,4.80139911286844,-3.313381314896466,-4.7138554673952555,2.805166536389528,-4.012178527144496,1.041994130283073,-4.250709858089024,5873.352845655354
